open_time,open,high,low,close,volume,close_time,quote_volume,trades,taker_buy_base,taker_buy_quote,ignore
1701388800000,0.05764,0.05774,0.05716,0.05728,846576.0,1701389699999,48554.59337,393,400938.0,22997.73671,0
1701389700000,0.05724,0.05757,0.05714,0.05746,159749.0,1701390599999,9162.95357,151,55269.0,3169.83657,0
1701390600000,0.05745,0.05751,0.0572,0.05723,260155.0,1701391499999,14916.23576,224,56143.0,3219.54322,0
1701391500000,0.05717,0.05756,0.05706,0.05745,238039.0,1701392399999,13646.1276,150,129728.0,7438.58971,0
1701392400000,0.05746,0.05749,0.05685,0.05701,522870.0,1701393299999,29848.61299,287,107172.0,6123.59961,0
1701393300000,0.05698,0.05738,0.05687,0.05738,595740.0,1701394199999,34009.72353,292,229750.0,13133.85475,0
1701394200000,0.05736,0.05765,0.05733,0.05748,510778.0,1701395099999,29376.87211,321,268788.0,15462.46559,0
1701395100000,0.0575,0.05789,0.0575,0.05783,478375.0,1701395999999,27592.49089,178,318667.0,18363.55855,0
1701396000000,0.05783,0.05787,0.05755,0.05758,137991.0,1701396899999,7956.83875,89,71710.0,4135.97411,0
1701396900000,0.05757,0.05761,0.0574,0.05742,180421.0,1701397799999,10375.33899,131,73959.0,4252.81326,0
1701397800000,0.05744,0.05758,0.05741,0.05747,73686.0,1701398699999,4236.5317,82,45927.0,2640.33037,0
1701398700000,0.05758,0.05763,0.05736,0.05738,87745.0,1701399599999,5047.1107,64,47162.0,2715.47705,0
1701399600000,0.05741,0.05744,0.05727,0.05738,97135.0,1701400499999,5568.27455,70,71541.0,4100.9227,0
1701400500000,0.05735,0.05753,0.05735,0.05741,203829.0,1701401399999,11707.50555,111,45536.0,2615.31916,0
1701401400000,0.05743,0.05765,0.05739,0.05764,49082.0,1701402299999,2820.22511,36,42938.0,2466.79399,0
1701402300000,0.05764,0.05784,0.05764,0.05774,163971.0,1701403199999,9473.21052,94,80607.0,4655.80936,0
1701403200000,0.05774,0.05782,0.05739,0.05748,443112.0,1701404099999,25509.87712,207,120664.0,6954.57824,0
1701404100000,0.0575,0.05755,0.05737,0.0574,225819.0,1701404999999,12970.24906,118,152884.0,8782.4332,0
1701405000000,0.05743,0.05743,0.05724,0.05724,218789.0,1701405899999,12542.52247,118,94866.0,5438.7832,0
1701405900000,0.05723,0.05751,0.05721,0.05745,218303.0,1701406799999,12523.85582,124,143719.0,8243.41064,0
1701406800000,0.05746,0.05747,0.0573,0.05732,299856.0,1701407699999,17205.52951,156,123050.0,7061.14358,0
1701407700000,0.05731,0.05742,0.05715,0.05732,240385.0,1701408599999,13766.96737,164,109720.0,6284.29518,0
1701408600000,0.05731,0.05739,0.05712,0.05725,243497.0,1701409499999,13933.09317,146,131122.0,7502.71839,0
1701409500000,0.05727,0.0573,0.05707,0.05707,284322.0,1701410399999,16258.48758,146,100170.0,5731.46646,0
1701410400000,0.05707,0.05726,0.05705,0.05724,317680.0,1701411299999,18149.04243,244,246862.0,14105.24162,0
1701411300000,0.05724,0.05742,0.05722,0.05727,369154.0,1701412199999,21158.50823,254,158087.0,9062.56151,0
1701412200000,0.05724,0.0574,0.05708,0.05709,452563.0,1701413099999,25900.3666,223,214212.0,12265.9165,0
1701413100000,0.05709,0.05716,0.05682,0.05684,785899.0,1701413999999,44748.71306,369,404813.0,23050.5418,0
1701414000000,0.05684,0.05703,0.05677,0.05701,239384.0,1701414899999,13611.26753,148,142699.0,8118.6674,0
1701414900000,0.05699,0.05715,0.05699,0.05705,331459.0,1701415799999,18919.8444,166,166907.0,9527.06048,0
1701415800000,0.05703,0.05703,0.05681,0.05684,308948.0,1701416699999,17577.4074,144,83265.0,4736.4482,0
1701416700000,0.05686,0.05695,0.05681,0.05686,228753.0,1701417599999,13015.59463,90,89672.0,5100.84628,0
1701417600000,0.05686,0.057,0.05684,0.0569,267826.0,1701418499999,15239.28609,135,160813.0,9149.73611,0
1701418500000,0.05692,0.05702,0.05669,0.05674,446644.0,1701419399999,25381.65896,212,123717.0,7029.60714,0
1701419400000,0.05671,0.05673,0.0565,0.05657,646460.0,1701420299999,36592.80743,334,198252.0,11220.69978,0
1701420300000,0.05656,0.05674,0.05648,0.05666,461491.0,1701421199999,26123.01992,223,240432.0,13611.78276,0
1701421200000,0.05666,0.05691,0.05663,0.05684,308937.0,1701422099999,17547.08462,139,246956.0,14029.25797,0
1701422100000,0.05685,0.05708,0.05677,0.05689,744893.0,1701422999999,42404.97704,280,239811.0,13654.95673,0
1701423000000,0.05689,0.05692,0.05674,0.05676,311913.0,1701423899999,17720.55632,168,176580.0,10032.56366,0
1701423900000,0.05674,0.05707,0.05674,0.05705,302209.0,1701424799999,17207.03429,153,229585.0,13076.03783,0
1701424800000,0.05704,0.05736,0.05702,0.05731,563051.0,1701425699999,32215.09981,314,407339.0,23309.99431,0
1701425700000,0.05732,0.05741,0.05718,0.05738,313526.0,1701426599999,17969.0753,218,164905.0,9453.66303,0
1701426600000,0.05737,0.05737,0.05712,0.05727,184164.0,1701427499999,10536.94951,117,107505.0,6150.00258,0
1701427500000,0.05725,0.05761,0.05725,0.05758,195107.0,1701428399999,11203.6178,158,137979.0,7922.14761,0
1701428400000,0.05755,0.05783,0.0573,0.05764,317099.0,1701429299999,18262.17507,260,200645.0,11552.33228,0
1701429300000,0.05768,0.05848,0.05768,0.05835,1559556.0,1701430199999,90628.64356,740,1090365.0,63368.45749,0
1701430200000,0.05835,0.05849,0.05817,0.05849,723991.0,1701431099999,42222.35611,394,448277.0,26148.05221,0
1701431100000,0.05848,0.05907,0.05843,0.05885,1788774.0,1701431999999,105234.55965,955,1069197.0,62896.80501,0
1701432000000,0.05887,0.05932,0.05866,0.05879,2078742.0,1701432899999,122699.23968,1245,884795.0,52225.98414,0
1701432900000,0.05876,0.05908,0.05872,0.05892,1408793.0,1701433799999,82984.31188,748,829887.0,48889.45956,0
1701433800000,0.05892,0.05926,0.0589,0.05922,896794.0,1701434699999,52999.35514,584,480300.0,28395.23555,0
1701434700000,0.05922,0.05948,0.05895,0.05915,1451839.0,1701435599999,85909.06987,861,782581.0,46327.20499,0
1701435600000,0.05915,0.05926,0.05847,0.05854,1363762.0,1701436499999,80340.86932,774,427951.0,25250.7885,0
1701436500000,0.05859,0.05887,0.05832,0.05844,1605268.0,1701437399999,94025.1163,857,601726.0,35272.32638,0
1701437400000,0.05845,0.0585,0.0574,0.0575,2197632.0,1701438299999,126941.53139,1010,529623.0,30617.31322,0
1701438300000,0.05748,0.05749,0.05723,0.05737,570801.0,1701439199999,32751.03385,475,202466.0,11621.13533,0
1701439200000,0.05728,0.05729,0.05686,0.05697,904725.0,1701440099999,51658.21781,437,511792.0,29243.07255,0
1701440100000,0.05696,0.05782,0.05694,0.05764,1104453.0,1701440999999,63431.3389,617,759751.0,43628.34622,0
1701441000000,0.05764,0.05788,0.0574,0.05786,578374.0,1701441899999,33329.67926,324,287913.0,16604.54285,0
1701441900000,0.05785,0.05797,0.05745,0.05776,436873.0,1701442799999,25219.93716,341,159089.0,9181.79016,0
1701442800000,0.0577,0.05791,0.0575,0.0576,879461.0,1701443699999,50690.27276,614,369476.0,21293.2241,0
1701443700000,0.05759,0.05781,0.05734,0.05746,917131.0,1701444599999,52798.49955,520,233350.0,13460.75135,0
1701444600000,0.05748,0.05767,0.05748,0.05762,281415.0,1701445499999,16212.30194,169,241262.0,13900.53248,0
1701445500000,0.05758,0.0577,0.05733,0.05733,178672.0,1701446399999,10270.49805,164,44540.0,2561.56848,0
1701446400000,0.05732,0.05755,0.05726,0.05753,349624.0,1701447299999,20062.21813,216,198619.0,11399.09818,0
1701447300000,0.05754,0.0577,0.05748,0.05768,258549.0,1701448199999,14888.04094,194,171179.0,9856.55164,0
1701448200000,0.05768,0.05772,0.05738,0.05752,491732.0,1701449099999,28294.8067,245,256068.0,14741.14226,0
1701449100000,0.05752,0.05772,0.05723,0.05747,1258920.0,1701449999999,72341.7799,473,859562.0,49434.21172,0
1701450000000,0.05746,0.05785,0.05742,0.05776,329855.0,1701450899999,19015.50561,260,161067.0,9292.08126,0
1701450900000,0.05776,0.05781,0.05748,0.0575,383625.0,1701451799999,22095.59926,173,64707.0,3735.99679,0
1701451800000,0.05745,0.05752,0.05729,0.05733,447133.0,1701452699999,25638.10186,192,212950.0,12207.60224,0
1701452700000,0.05735,0.05735,0.05716,0.05722,220827.0,1701453599999,12635.2844,153,67357.0,3854.06452,0
1701453600000,0.05717,0.05726,0.05711,0.05718,237403.0,1701454499999,13571.8582,182,109376.0,6253.41727,0
1701454500000,0.05718,0.05728,0.057,0.0571,164188.0,1701455399999,9380.86721,134,82030.0,4689.05987,0
1701455400000,0.0571,0.05717,0.05697,0.05712,119740.0,1701456299999,6833.02395,87,68439.0,3904.32687,0
1701456300000,0.05714,0.05729,0.05714,0.05723,245914.0,1701457199999,14072.83473,128,95904.0,5488.57541,0
1701457200000,0.05725,0.05729,0.0571,0.05718,208998.0,1701458099999,11950.32999,148,43088.0,2463.34913,0
1701458100000,0.05717,0.05726,0.05709,0.05715,91511.0,1701458999999,5231.86657,98,54323.0,3106.341,0
1701459000000,0.05717,0.05736,0.05717,0.05736,73704.0,1701459899999,4220.77434,53,44931.0,2571.8049,0
1701459900000,0.05736,0.05761,0.05736,0.05751,160842.0,1701460799999,9252.34714,166,98031.0,5638.49962,0
1701460800000,0.05752,0.05756,0.05728,0.05733,199871.0,1701461699999,11463.28204,168,45743.0,2622.65321,0
1701461700000,0.05729,0.05731,0.05715,0.05718,261336.0,1701462599999,14945.28288,160,83340.0,4768.78016,0
1701462600000,0.05718,0.05737,0.05718,0.05736,199056.0,1701463499999,11403.77539,160,127733.0,7318.64971,0
1701463500000,0.0573,0.05732,0.05712,0.05719,181791.0,1701464399999,10394.94597,122,31394.0,1796.3972,0
1701464400000,0.05721,0.05732,0.0572,0.05729,97963.0,1701465299999,5610.24921,97,62207.0,3562.5082,0
1701465300000,0.0573,0.05742,0.05728,0.05736,93739.0,1701466199999,5376.61844,70,77469.0,4444.067,0
1701466200000,0.05735,0.05735,0.05727,0.05734,100990.0,1701467099999,5788.375,76,26913.0,1542.86613,0
1701467100000,0.05731,0.05736,0.0571,0.05725,244973.0,1701467999999,14022.83547,184,114279.0,6546.10919,0
1701468000000,0.05721,0.05751,0.05712,0.05751,301438.0,1701468899999,17267.29264,178,212530.0,12180.13624,0
1701468900000,0.05751,0.05755,0.05737,0.05741,190206.0,1701469799999,10931.63392,119,41347.0,2375.68266,0
1701469800000,0.05741,0.05742,0.05712,0.05714,282844.0,1701470699999,16187.39018,191,64822.0,3711.54485,0
1701470700000,0.05714,0.05715,0.05693,0.057,158639.0,1701471599999,9046.39572,117,62336.0,3555.13027,0
1701471600000,0.05701,0.05723,0.05689,0.0572,152610.0,1701472499999,8717.43261,133,88983.0,5085.07179,0
1701472500000,0.05721,0.05726,0.05702,0.05705,443570.0,1701473399999,25351.68006,166,139578.0,7973.21572,0
1701473400000,0.0571,0.05724,0.0571,0.05714,84398.0,1701474299999,4825.86339,62,37211.0,2127.49499,0
1701474300000,0.05716,0.05718,0.05695,0.05712,267393.0,1701475199999,15249.70148,171,89361.0,5098.83902,0
1701475200000,0.05707,0.05711,0.05689,0.05708,133331.0,1701476099999,7598.23893,125,37473.0,2136.041,0
1701476100000,0.05695,0.05701,0.05687,0.05688,91038.0,1701476999999,5181.15306,72,33991.0,1935.41394,0
1701477000000,0.05689,0.05721,0.05687,0.05709,200948.0,1701477899999,11455.81825,128,124486.0,7095.58726,0
1701477900000,0.05709,0.05717,0.05707,0.05713,62958.0,1701478799999,3596.10558,55,25134.0,1435.8959,0
1701478800000,0.05706,0.05714,0.05696,0.05707,95219.0,1701479699999,5430.67958,72,57746.0,3294.22849,0
1701479700000,0.05707,0.05707,0.05698,0.05706,35864.0,1701480599999,2044.78448,35,9117.0,519.92444,0
1701480600000,0.05707,0.05726,0.05703,0.05722,132394.0,1701481499999,7568.43089,90,70241.0,4016.35319,0
1701481500000,0.0572,0.0572,0.05702,0.05706,101626.0,1701482399999,5801.4695,67,22519.0,1285.20305,0
1701482400000,0.05707,0.05731,0.05706,0.05709,282290.0,1701483299999,16141.98568,187,148558.0,8494.55035,0
1701483300000,0.05705,0.05706,0.05689,0.05695,91715.0,1701484199999,5224.97048,77,18508.0,1055.36535,0
1701484200000,0.0569,0.05698,0.0567,0.0567,290849.0,1701485099999,16520.34712,163,50052.0,2842.38231,0
1701485100000,0.0567,0.05687,0.05669,0.05681,202827.0,1701485999999,11521.72027,133,151139.0,8585.76056,0
1701486000000,0.05689,0.05689,0.05664,0.05671,338837.0,1701486899999,19219.87799,171,62995.0,3577.11059,0
1701486900000,0.05668,0.05692,0.05665,0.05686,207567.0,1701487799999,11788.38729,147,110723.0,6288.50183,0
1701487800000,0.05686,0.05696,0.05677,0.05689,179736.0,1701488699999,10219.41709,113,92884.0,5282.306,0
1701488700000,0.0569,0.05691,0.05675,0.05682,158821.0,1701489599999,9028.44724,112,31533.0,1791.58596,0
1701489600000,0.05689,0.05692,0.05678,0.05688,212678.0,1701490499999,12099.53302,103,135567.0,7713.33743,0
1701490500000,0.05689,0.05708,0.05688,0.05704,424359.0,1701491399999,24184.15754,118,275288.0,15688.59053,0
1701491400000,0.05703,0.0572,0.05695,0.05704,1142157.0,1701492299999,65180.34057,254,381469.0,21762.35583,0
1701492300000,0.05706,0.05759,0.05703,0.05759,524214.0,1701493199999,30045.07076,228,442710.0,25369.49136,0
1701493200000,0.05758,0.05807,0.05741,0.05803,785692.0,1701494099999,45420.08681,525,429916.0,24871.22074,0
1701494100000,0.05804,0.05822,0.05774,0.05812,596306.0,1701494999999,34571.18591,463,250240.0,14510.6466,0
1701495000000,0.05811,0.05833,0.058,0.05812,377696.0,1701495899999,21964.12773,299,221228.0,12870.61274,0
1701495900000,0.05813,0.05813,0.05789,0.05796,317901.0,1701496799999,18437.63279,180,87820.0,5092.70956,0
1701496800000,0.05791,0.05804,0.05773,0.05781,270286.0,1701497699999,15637.53023,161,101196.0,5861.63509,0
1701497700000,0.0578,0.05788,0.05757,0.05759,105495.0,1701498599999,6086.01495,137,34697.0,2003.07171,0
1701498600000,0.05757,0.05776,0.05732,0.05732,430382.0,1701499499999,24739.35828,228,101892.0,5864.29337,0
1701499500000,0.05741,0.0575,0.05737,0.05737,152994.0,1701500399999,8786.53035,135,38773.0,2227.58328,0
1701500400000,0.05736,0.05741,0.05719,0.05719,226292.0,1701501299999,12972.04709,133,93615.0,5365.966,0
1701501300000,0.0572,0.0572,0.05706,0.05709,132181.0,1701502199999,7549.48016,80,18565.0,1060.79128,0
1701502200000,0.05708,0.05735,0.05705,0.05707,302722.0,1701503099999,17304.95072,156,117587.0,6722.82749,0
1701503100000,0.0571,0.0571,0.0569,0.05693,592130.0,1701503999999,33732.91399,214,61374.0,3497.10257,0
1701504000000,0.05694,0.05725,0.05694,0.05703,191723.0,1701504899999,10954.0139,122,105683.0,6038.41262,0
1701504900000,0.05702,0.05703,0.0569,0.05696,148726.0,1701505799999,8471.93788,80,41838.0,2383.508,0
1701505800000,0.05697,0.0572,0.05697,0.05705,271227.0,1701506699999,15489.09525,111,95970.0,5480.28355,0
1701506700000,0.05704,0.05705,0.05692,0.05697,100112.0,1701507599999,5703.04171,72,38701.0,2204.94861,0
1701507600000,0.057,0.05715,0.05697,0.05703,234353.0,1701508499999,13375.1907,188,80887.0,4616.30135,0
1701508500000,0.05701,0.05716,0.057,0.05705,485192.0,1701509399999,27689.62933,301,339578.0,19382.65709,0
1701509400000,0.05705,0.05716,0.05697,0.05699,497813.0,1701510299999,28404.28248,140,164581.0,9396.56107,0
1701510300000,0.05699,0.05703,0.05697,0.05698,120380.0,1701511199999,6860.83515,146,47728.0,2720.58808,0
1701511200000,0.05701,0.05763,0.05697,0.05759,1809401.0,1701512099999,103742.5721,613,1522034.0,87240.41365,0
1701512100000,0.05756,0.05757,0.05733,0.05736,306695.0,1701512999999,17631.93668,185,136553.0,7855.14944,0
1701513000000,0.05734,0.05747,0.05732,0.05738,241031.0,1701513899999,13835.59058,127,142864.0,8200.84402,0
1701513900000,0.05741,0.05743,0.05727,0.05731,84279.0,1701514799999,4834.86715,100,35471.0,2035.0556,0
1701514800000,0.05732,0.05748,0.0573,0.0574,156722.0,1701515699999,8993.94155,136,85811.0,4923.05059,0
1701515700000,0.0574,0.0574,0.05719,0.05726,96957.0,1701516599999,5553.73183,78,36691.0,2100.69767,0
1701516600000,0.05726,0.05757,0.05726,0.05756,122151.0,1701517499999,7016.22172,93,106087.0,6094.45411,0
1701517500000,0.05757,0.05759,0.0575,0.05753,288951.0,1701518399999,16632.42342,144,137149.0,7896.8895,0
1701518400000,0.05751,0.05785,0.05751,0.05759,400438.0,1701519299999,23099.279,253,311507.0,17970.71513,0
1701519300000,0.05756,0.05756,0.0573,0.05734,464067.0,1701520199999,26636.99651,286,141845.0,8144.54877,0
1701520200000,0.05733,0.05738,0.05724,0.05732,194824.0,1701521099999,11166.33874,132,83495.0,4786.56988,0
1701521100000,0.05732,0.0576,0.05732,0.0576,405390.0,1701521999999,23287.70058,192,331559.0,19044.1829,0
1701522000000,0.05758,0.058,0.05758,0.05777,800659.0,1701522899999,46261.72264,400,435320.0,25139.36716,0
1701522900000,0.05777,0.05799,0.05774,0.05786,245039.0,1701523799999,14181.36302,236,109809.0,6354.51803,0
1701523800000,0.05786,0.05812,0.05773,0.05811,378325.0,1701524699999,21910.21625,288,159865.0,9262.58733,0
1701524700000,0.05811,0.05825,0.05806,0.0581,200488.0,1701525599999,11659.83089,213,132026.0,7680.42361,0
1701525600000,0.05813,0.05819,0.05787,0.05787,126342.0,1701526499999,7337.78569,142,45041.0,2618.66231,0
1701526500000,0.05792,0.0583,0.05782,0.05825,406944.0,1701527399999,23621.91002,318,228398.0,13271.60909,0
1701527400000,0.05825,0.05882,0.05825,0.05878,893304.0,1701528299999,52260.49165,565,482594.0,28256.09561,0
1701528300000,0.05877,0.05892,0.05754,0.05823,1257369.0,1701529199999,73142.58538,1117,487655.0,28411.49812,0
1701529200000,0.05823,0.05854,0.05799,0.05849,502876.0,1701530099999,29273.74939,290,335832.0,19557.12391,0
1701530100000,0.05849,0.0588,0.05846,0.05858,402401.0,1701530999999,23589.85009,375,250898.0,14716.50499,0
1701531000000,0.0586,0.05866,0.05804,0.05804,423415.0,1701531899999,24658.36527,275,73598.0,4288.15032,0
1701531900000,0.05807,0.05829,0.05789,0.05794,476825.0,1701532799999,27690.12891,270,169708.0,9872.16268,0
1701532800000,0.05794,0.05797,0.05784,0.05789,363373.0,1701533699999,21038.82666,220,155966.0,9031.29139,0
1701533700000,0.0579,0.05799,0.05781,0.05792,235155.0,1701534599999,13619.28781,117,137808.0,7985.39788,0
1701534600000,0.05792,0.05792,0.05757,0.05778,207102.0,1701535499999,11956.84849,201,135374.0,7813.11682,0
1701535500000,0.05776,0.05797,0.05775,0.05797,286641.0,1701536399999,16591.25353,192,189849.0,10987.86928,0
1701536400000,0.05795,0.05862,0.05792,0.05861,523570.0,1701537299999,30517.09884,392,367935.0,21426.45081,0
1701537300000,0.05862,0.05882,0.05846,0.05878,290273.0,1701538199999,17010.99074,237,123028.0,7216.75354,0
1701538200000,0.05879,0.05882,0.05856,0.05856,224655.0,1701539099999,13180.95386,186,36644.0,2149.03652,0
1701539100000,0.05857,0.05863,0.05836,0.0584,237652.0,1701539999999,13898.2095,205,141693.0,8286.36992,0
1701540000000,0.05841,0.05875,0.05841,0.05851,145334.0,1701540899999,8513.50359,172,83804.0,4909.38111,0
1701540900000,0.05851,0.05854,0.05828,0.05832,175735.0,1701541799999,10261.64703,143,69716.0,4074.45564,0
1701541800000,0.05832,0.05867,0.05825,0.05836,195994.0,1701542699999,11452.53628,228,135645.0,7927.10286,0
1701542700000,0.05841,0.0586,0.05831,0.05837,81544.0,1701543599999,4767.06436,98,42043.0,2458.56234,0
1701543600000,0.05837,0.05931,0.05834,0.05871,1287630.0,1701544499999,75871.26017,839,830223.0,48921.24661,0
1701544500000,0.05873,0.05921,0.05841,0.05914,492517.0,1701545399999,28969.47857,513,204521.0,12045.93478,0
1701545400000,0.05912,0.05918,0.0587,0.059,713005.0,1701546299999,42056.09069,479,351259.0,20725.90145,0
1701546300000,0.05901,0.05921,0.05896,0.05912,194307.0,1701547199999,11483.23977,151,125269.0,7402.94659,0
1701547200000,0.05913,0.05948,0.05887,0.0594,1533106.0,1701548099999,90782.21406,645,896240.0,53184.06265,0
1701548100000,0.05936,0.05987,0.05934,0.05982,623075.0,1701548999999,37117.6146,620,388897.0,23166.39322,0
1701549000000,0.05982,0.05998,0.0597,0.05997,1126886.0,1701549899999,67414.92056,556,673369.0,40275.50356,0
1701549900000,0.05995,0.05999,0.05917,0.0597,1248903.0,1701550799999,74478.65909,848,316683.0,18884.80845,0
1701550800000,0.0597,0.05995,0.05933,0.05956,1194249.0,1701551699999,71141.06328,553,791705.0,47162.64422,0
1701551700000,0.05957,0.0597,0.0595,0.0596,451525.0,1701552599999,26903.00948,288,214783.0,12805.19047,0
1701552600000,0.05961,0.05982,0.05961,0.05966,168378.0,1701553499999,10053.22571,181,81864.0,4889.13477,0
1701553500000,0.05969,0.05974,0.05936,0.0594,181742.0,1701554399999,10815.10602,131,40294.0,2401.16957,0
1701554400000,0.05946,0.05953,0.05909,0.05922,242497.0,1701555299999,14362.5698,155,87297.0,5172.57013,0
1701555300000,0.0592,0.05926,0.0591,0.0591,331070.0,1701556199999,19590.79269,138,105262.0,6230.16965,0
1701556200000,0.0591,0.05932,0.05894,0.05897,448153.0,1701557099999,26497.2895,200,301689.0,17851.20428,0
1701557100000,0.05903,0.05904,0.05878,0.05895,249938.0,1701557999999,14721.57522,157,70711.0,4164.5062,0
1701558000000,0.05895,0.05905,0.05884,0.05887,170559.0,1701558899999,10048.36491,128,58993.0,3478.0951,0
1701558900000,0.05891,0.05908,0.05876,0.05892,433880.0,1701559799999,25557.14458,235,150729.0,8887.83434,0
1701559800000,0.0589,0.05909,0.05887,0.05892,166990.0,1701560699999,9849.02172,152,129361.0,7630.74729,0
1701560700000,0.05895,0.05914,0.05895,0.05897,105973.0,1701561599999,6258.2127,109,82711.0,4885.13774,0
1701561600000,0.05897,0.05903,0.05882,0.059,76708.0,1701562499999,4519.64069,120,56306.0,3317.61522,0
1701562500000,0.05906,0.05918,0.05901,0.05911,57594.0,1701563399999,3404.16667,91,37060.0,2191.05472,0
1701563400000,0.05911,0.0593,0.05904,0.05923,273385.0,1701564299999,16171.37495,210,79479.0,4704.62841,0
1701564300000,0.05922,0.0595,0.05922,0.05947,160425.0,1701565199999,9535.17632,127,85250.0,5066.39153,0
1701565200000,0.05946,0.0599,0.05942,0.05979,203842.0,1701566099999,12171.86766,285,101535.0,6063.91148,0
1701566100000,0.05977,0.05998,0.05962,0.05968,244408.0,1701566999999,14623.33825,296,113870.0,6811.83491,0
1701567000000,0.05969,0.05979,0.05964,0.05976,64101.0,1701567899999,3828.301,81,46385.0,2770.60367,0
1701567900000,0.05976,0.05976,0.05928,0.05935,557084.0,1701568799999,33115.33264,351,201016.0,11943.84755,0
1701568800000,0.05934,0.05943,0.05928,0.05937,302817.0,1701569699999,17966.0771,164,159630.0,9470.5832,0
1701569700000,0.05937,0.05943,0.05918,0.05921,276712.0,1701570599999,16419.08901,181,132313.0,7856.29612,0
1701570600000,0.05915,0.05918,0.05907,0.0591,99224.0,1701571499999,5865.05613,113,26776.0,1582.97886,0
1701571500000,0.05911,0.05911,0.05858,0.05862,610380.0,1701572399999,35863.01487,360,117638.0,6917.85786,0
1701572400000,0.05862,0.05886,0.05822,0.05828,777884.0,1701573299999,45524.31375,592,509775.0,29852.34949,0
1701573300000,0.05831,0.05859,0.05831,0.05851,476463.0,1701574199999,27848.55121,332,236746.0,13844.83712,0
1701574200000,0.05855,0.05866,0.05838,0.05847,157867.0,1701575099999,9236.98726,142,53994.0,3160.72332,0
1701575100000,0.05846,0.05883,0.05839,0.0588,306981.0,1701575999999,17991.15488,231,187291.0,10982.06873,0
1701576000000,0.0588,0.05899,0.05877,0.05898,238297.0,1701576899999,14036.89934,221,154354.0,9094.72181,0
1701576900000,0.05899,0.05905,0.05873,0.05879,324466.0,1701577799999,19079.8905,193,55811.0,3285.90039,0
1701577800000,0.0588,0.05882,0.05861,0.05861,219625.0,1701578699999,12898.09958,182,149514.0,8782.09624,0
1701578700000,0.05863,0.05877,0.05855,0.0586,87933.0,1701579599999,5157.68816,119,27657.0,1621.4531,0
1701579600000,0.05857,0.05871,0.05846,0.05862,243009.0,1701580499999,14240.91432,215,116341.0,6822.63591,0
1701580500000,0.05862,0.05885,0.05853,0.0588,269007.0,1701581399999,15799.12807,225,181013.0,10636.67194,0
1701581400000,0.0588,0.05883,0.05868,0.0587,75720.0,1701582299999,4449.52428,134,29492.0,1733.02882,0
1701582300000,0.05866,0.05902,0.05864,0.05894,492931.0,1701583199999,28993.0924,378,354818.0,20872.71167,0
1701583200000,0.05894,0.05999,0.05894,0.05937,2387773.0,1701584099999,142608.71978,1517,1459134.0,87238.92304,0
1701584100000,0.05934,0.06014,0.0593,0.05983,1762697.0,1701584999999,105449.98653,849,1363062.0,81523.42514,0
1701585000000,0.05981,0.06011,0.05947,0.05961,955856.0,1701585899999,57085.5487,600,470440.0,28123.49562,0
1701585900000,0.05963,0.05988,0.05929,0.05972,735548.0,1701586799999,43787.05388,404,459523.0,27368.31276,0
1701586800000,0.05975,0.05975,0.05933,0.05933,165570.0,1701587699999,9863.52546,156,50253.0,2993.15537,0
1701587700000,0.05931,0.05933,0.05895,0.059,364666.0,1701588599999,21538.17515,253,109557.0,6474.21442,0
1701588600000,0.059,0.05906,0.05887,0.05895,336993.0,1701589499999,19868.58401,244,159355.0,9395.40878,0
1701589500000,0.05896,0.05916,0.05891,0.05906,184892.0,1701590399999,10917.55301,186,102447.0,6051.78952,0
1701590400000,0.05908,0.05917,0.05885,0.05895,352981.0,1701591299999,20808.40816,269,178586.0,10529.33417,0
1701591300000,0.05899,0.05912,0.05892,0.05898,117431.0,1701592199999,6929.45878,106,61081.0,3605.48942,0
1701592200000,0.05894,0.05902,0.05877,0.0588,723232.0,1701593099999,42590.89814,254,163344.0,9618.49483,0
1701593100000,0.05881,0.05882,0.05862,0.05867,280063.0,1701593999999,16440.86444,234,164293.0,9644.26972,0
1701594000000,0.05867,0.05886,0.05864,0.05881,309943.0,1701594899999,18215.64719,168,202695.0,11918.10588,0
1701594900000,0.05883,0.05899,0.05874,0.05874,252982.0,1701595799999,14893.71739,181,148923.0,8771.13058,0
1701595800000,0.05875,0.05876,0.05819,0.05833,2517554.0,1701596699999,147049.2799,637,346818.0,20222.60412,0
1701596700000,0.05833,0.05847,0.05816,0.05845,410113.0,1701597599999,23910.69853,201,118776.0,6934.90185,0
1701597600000,0.05845,0.0586,0.0584,0.05854,406701.0,1701598499999,23792.63807,202,232845.0,13623.96257,0
1701598500000,0.05848,0.05848,0.05814,0.05843,567944.0,1701599399999,33126.38827,338,243472.0,14202.26665,0
1701599400000,0.05841,0.05856,0.0583,0.05846,402048.0,1701600299999,23489.36061,171,200039.0,11696.10299,0
1701600300000,0.05843,0.05848,0.05832,0.05844,169580.0,1701601199999,9906.10776,128,57737.0,3373.77576,0
1701601200000,0.05842,0.05852,0.05835,0.05837,222302.0,1701602099999,12989.49291,136,86400.0,5051.20638,0
1701602100000,0.05831,0.0584,0.05807,0.05814,955111.0,1701602999999,55655.64141,289,250344.0,14596.98254,0
1701603000000,0.05816,0.05847,0.05808,0.05843,375275.0,1701603899999,21889.59814,193,171762.0,10024.64763,0
1701603900000,0.05842,0.05857,0.05827,0.05857,240220.0,1701604799999,14026.72168,177,165754.0,9677.26212,0
1701604800000,0.05857,0.05868,0.05842,0.05868,258248.0,1701605699999,15113.81554,195,122940.0,7195.1733,0
1701605700000,0.05865,0.05876,0.05859,0.05875,260839.0,1701606599999,15301.61024,121,134804.0,7909.87451,0
1701606600000,0.05874,0.05874,0.05831,0.05833,263233.0,1701607499999,15388.63522,189,30430.0,1780.24565,0
1701607500000,0.05832,0.05855,0.05776,0.05788,2258588.0,1701608399999,131269.42497,823,1473730.0,85779.5465,0
1701608400000,0.05779,0.05886,0.05777,0.05884,507600.0,1701609299999,29625.66815,404,299304.0,17473.34485,0
1701609300000,0.05883,0.05883,0.05852,0.05868,109284.0,1701610199999,6410.57978,127,31362.0,1840.69308,0
1701610200000,0.05865,0.05873,0.05831,0.05837,304827.0,1701611099999,17833.71083,224,66292.0,3879.96493,0
1701611100000,0.05837,0.05896,0.05821,0.05858,1108300.0,1701611999999,64870.8691,519,976927.0,57174.16754,0
1701612000000,0.05856,0.05886,0.05854,0.05876,232199.0,1701612899999,13627.04677,269,120897.0,7096.12929,0
1701612900000,0.05875,0.05889,0.05813,0.05848,531714.0,1701613799999,31049.58285,571,121110.0,7074.03474,0
1701613800000,0.0585,0.05893,0.0583,0.05846,448363.0,1701614699999,26276.97754,349,142324.0,8352.07912,0
1701614700000,0.05846,0.05846,0.05785,0.05806,691998.0,1701615599999,40313.493,535,193981.0,11303.57126,0
1701615600000,0.05806,0.05806,0.05742,0.05753,2644719.0,1701616499999,152504.30558,1172,931895.0,53747.75992,0
1701616500000,0.05753,0.05771,0.05734,0.05763,622778.0,1701617399999,35816.07836,328,385225.0,22167.35445,0
1701617400000,0.05763,0.0578,0.05762,0.05762,95207.0,1701618299999,5493.85294,105,33990.0,1962.5632,0
1701618300000,0.05767,0.0577,0.0574,0.05743,203334.0,1701619199999,11690.49675,162,46527.0,2675.431,0
1701619200000,0.05738,0.05762,0.0565,0.05725,1997530.0,1701620099999,113883.05759,1003,641757.0,36646.07336,0
1701620100000,0.05727,0.05763,0.05726,0.05761,491433.0,1701620999999,28261.88901,284,425397.0,24473.48229,0
1701621000000,0.05758,0.05774,0.05755,0.05764,214446.0,1701621899999,12358.9989,223,103445.0,5963.87719,0
1701621900000,0.05768,0.05778,0.05766,0.05772,125923.0,1701622799999,7267.58688,144,102502.0,5915.84421,0
1701622800000,0.05773,0.05783,0.05756,0.05776,732378.0,1701623699999,42255.69542,370,327343.0,18894.07453,0
1701623700000,0.05778,0.05799,0.05774,0.05788,306653.0,1701624599999,17752.88865,261,185071.0,10714.7873,0
1701624600000,0.05788,0.05799,0.05781,0.05781,111314.0,1701625499999,6443.6007,93,24581.0,1423.61285,0
1701625500000,0.05782,0.058,0.0578,0.058,295873.0,1701626399999,17137.16583,164,105288.0,6100.7132,0
1701626400000,0.058,0.05922,0.05798,0.05909,2643092.0,1701627299999,154514.63556,1154,2259123.0,132008.9781,0
1701627300000,0.05909,0.0596,0.05897,0.05923,1144927.0,1701628199999,67927.55159,786,792478.0,47052.07124,0
1701628200000,0.05922,0.05932,0.05896,0.05905,518496.0,1701629099999,30652.1854,380,138945.0,8225.86509,0
1701629100000,0.05906,0.05927,0.05896,0.0591,395381.0,1701629999999,23379.47218,276,301912.0,17853.74054,0
1701630000000,0.05913,0.0594,0.05909,0.05922,334321.0,1701630899999,19809.09259,355,170015.0,10072.96327,0
1701630900000,0.05915,0.05943,0.05901,0.05933,278645.0,1701631799999,16485.88244,290,125430.0,7416.39035,0
1701631800000,0.05932,0.0595,0.05921,0.05924,122478.0,1701632699999,7270.85085,153,47975.0,2849.57698,0
1701632700000,0.05923,0.05934,0.05881,0.05902,1487140.0,1701633599999,87761.46006,550,280224.0,16539.33043,0
1701633600000,0.05904,0.05917,0.05867,0.05875,417896.0,1701634499999,24592.99615,293,241811.0,14226.79331,0
1701634500000,0.05874,0.05904,0.05869,0.05901,214456.0,1701635399999,12607.97204,213,85627.0,5038.57033,0
1701635400000,0.05897,0.05898,0.05865,0.05875,126445.0,1701636299999,7440.83694,150,33585.0,1976.11415,0
1701636300000,0.05878,0.0588,0.05862,0.05868,113731.0,1701637199999,6675.13205,98,35803.0,2100.8465,0
1701637200000,0.05871,0.05871,0.05842,0.05845,177139.0,1701638099999,10366.00724,142,80700.0,4719.04182,0
1701638100000,0.05846,0.05862,0.05844,0.05853,218778.0,1701638999999,12804.76874,122,160636.0,9402.44892,0
1701639000000,0.05849,0.05861,0.05843,0.05858,145231.0,1701639899999,8502.38932,94,98299.0,5754.97896,0
1701639900000,0.05857,0.05859,0.05843,0.05849,151241.0,1701640799999,8848.09643,131,59233.0,3465.74262,0
1701640800000,0.05849,0.05869,0.05848,0.05864,388815.0,1701641699999,22767.49716,159,272558.0,15956.99215,0
1701641700000,0.05868,0.05895,0.05857,0.0587,233134.0,1701642599999,13697.75572,183,109255.0,6424.66483,0
1701642600000,0.05874,0.05907,0.05837,0.05838,492214.0,1701643499999,28891.96451,452,203307.0,11924.17033,0
1701643500000,0.05839,0.0586,0.05839,0.05855,70849.0,1701644399999,4146.96803,90,36591.0,2141.19495,0
1701644400000,0.05854,0.05859,0.05832,0.05837,527280.0,1701645299999,30815.69659,335,196964.0,11514.90749,0
1701645300000,0.05838,0.05844,0.05795,0.05798,113723.0,1701646199999,6617.8325,156,38165.0,2221.93676,0
1701646200000,0.05801,0.0581,0.05773,0.05798,327369.0,1701647099999,18949.08022,228,109101.0,6313.97385,0
1701647100000,0.058,0.05821,0.058,0.0582,79072.0,1701647999999,4594.11139,94,42850.0,2489.96595,0
1701648000000,0.05815,0.05824,0.05787,0.05802,696529.0,1701648899999,40372.95577,295,470321.0,27247.68554,0
1701648900000,0.05801,0.05804,0.05787,0.05794,191022.0,1701649799999,11072.50723,167,131197.0,7606.0704,0
1701649800000,0.05794,0.05812,0.05794,0.0581,40998.0,1701650699999,2380.63717,49,22908.0,1330.35411,0
1701650700000,0.05809,0.05828,0.05793,0.05827,446070.0,1701651599999,25889.6442,324,125854.0,7312.8279,0
1701651600000,0.05826,0.05835,0.05819,0.05829,360802.0,1701652499999,21024.39275,215,162336.0,9461.00519,0
1701652500000,0.05833,0.05886,0.05829,0.05861,256959.0,1701653399999,15049.36776,240,121838.0,7140.80897,0
1701653400000,0.05877,0.05937,0.05872,0.05926,768219.0,1701654299999,45419.69332,480,599688.0,35468.39899,0
1701654300000,0.05929,0.05937,0.05884,0.05885,316762.0,1701655199999,18717.94204,268,94143.0,5561.71455,0
1701655200000,0.05885,0.05897,0.05862,0.05877,133421.0,1701656099999,7840.06922,146,58342.0,3430.59279,0
1701656100000,0.0588,0.05882,0.0584,0.05853,220605.0,1701656999999,12924.8278,259,74720.0,4378.87236,0
1701657000000,0.05853,0.05879,0.05844,0.05865,384162.0,1701657899999,22522.12834,284,277958.0,16304.44262,0
1701657900000,0.05865,0.05871,0.05833,0.05837,141162.0,1701658799999,8251.22481,123,18269.0,1069.62979,0
1701658800000,0.05834,0.05858,0.05828,0.05858,258110.0,1701659699999,15077.34496,173,102937.0,6021.50816,0
1701659700000,0.05854,0.05879,0.05843,0.05879,144342.0,1701660599999,8449.93231,126,79407.0,4651.45364,0
1701660600000,0.05879,0.05883,0.05852,0.05861,370083.0,1701661499999,21703.21783,309,111850.0,6557.79596,0
1701661500000,0.05856,0.05858,0.05822,0.05834,400022.0,1701662399999,23353.97909,334,116933.0,6829.60944,0
1701662400000,0.05835,0.05883,0.05835,0.05876,419470.0,1701663299999,24575.55277,884,143321.0,8404.7572,0
1701663300000,0.05876,0.05881,0.05859,0.05876,134261.0,1701664199999,7885.96163,164,72906.0,4283.45293,0
1701664200000,0.05879,0.059,0.05863,0.05885,137701.0,1701665099999,8095.94513,188,63130.0,3711.18392,0
1701665100000,0.05886,0.05902,0.05873,0.05892,169064.0,1701665999999,9952.84558,204,50381.0,2967.44759,0
1701666000000,0.05893,0.05906,0.0585,0.05896,881832.0,1701666899999,51879.43582,456,509023.0,29972.27649,0
1701666900000,0.05893,0.05914,0.05861,0.05861,404162.0,1701667799999,23839.77273,279,166142.0,9805.86499,0
1701667800000,0.05862,0.05888,0.05838,0.05883,1276069.0,1701668699999,74860.62223,536,997693.0,58556.3483,0
1701668700000,0.05882,0.05963,0.05855,0.05879,1847575.0,1701669599999,109297.99646,801,1356767.0,80388.68494,0
1701669600000,0.05875,0.05884,0.0584,0.05844,475020.0,1701670499999,27812.6264,298,134957.0,7901.42111,0
1701670500000,0.05842,0.05883,0.05841,0.05883,423395.0,1701671399999,24795.6285,456,232854.0,13643.77308,0
1701671400000,0.05881,0.05891,0.05871,0.05885,332745.0,1701672299999,19563.84927,260,182243.0,10713.56155,0
1701672300000,0.05885,0.0592,0.05866,0.05871,806245.0,1701673199999,47454.56583,424,224305.0,13213.65815,0
1701673200000,0.05877,0.05922,0.05873,0.05886,290197.0,1701674099999,17122.00806,266,156338.0,9228.30491,0
1701674100000,0.05886,0.05905,0.05849,0.05882,1575622.0,1701674999999,92530.05379,716,605217.0,35538.93854,0
1701675000000,0.05883,0.05898,0.05863,0.05881,270959.0,1701675899999,15928.47462,273,81734.0,4811.04704,0
1701675900000,0.05874,0.0589,0.05851,0.05879,334402.0,1701676799999,19653.54233,388,196922.0,11581.60841,0
1701676800000,0.05877,0.05928,0.05874,0.05912,401184.0,1701677699999,23678.81148,307,254437.0,15014.54651,0
1701677700000,0.05912,0.05957,0.05889,0.05942,670306.0,1701678599999,39706.61,463,438521.0,25987.77438,0
1701678600000,0.0594,0.05958,0.05909,0.05956,509972.0,1701679499999,30240.91129,491,283767.0,16841.4265,0
1701679500000,0.05956,0.05963,0.05874,0.05922,1203087.0,1701680399999,71273.89769,780,376509.0,22331.24259,0
1701680400000,0.05924,0.05971,0.05913,0.05939,899289.0,1701681299999,53444.48329,727,501314.0,29810.233,0
1701681300000,0.0594,0.05949,0.05926,0.05943,217519.0,1701682199999,12914.55229,168,90263.0,5358.61214,0
1701682200000,0.05942,0.05964,0.05942,0.0596,201703.0,1701683099999,12007.89589,241,141823.0,8442.89863,0
1701683100000,0.05959,0.05963,0.05874,0.05885,546067.0,1701683999999,32271.24232,523,113430.0,6710.23435,0
1701684000000,0.05885,0.05956,0.05882,0.05947,508884.0,1701684899999,30097.6003,452,366105.0,21667.20467,0
1701684900000,0.05948,0.05956,0.05875,0.05922,520898.0,1701685799999,30838.22236,559,191100.0,11327.29297,0
1701685800000,0.05922,0.05932,0.05904,0.05918,482808.0,1701686699999,28569.56777,368,309713.0,18333.4546,0
1701686700000,0.05912,0.05936,0.05894,0.05901,525194.0,1701687599999,31072.03829,428,186961.0,11067.50766,0
1701687600000,0.05897,0.05898,0.05466,0.05587,4859290.0,1701688499999,276947.60024,2218,1573925.0,88983.31711,0
1701688500000,0.05587,0.05739,0.05578,0.05708,4657425.0,1701689399999,263242.98762,2408,2349358.0,132777.39793,0
1701689400000,0.05704,0.05768,0.05684,0.05715,1422302.0,1701690299999,81427.83831,1313,835447.0,47834.85076,0
1701690300000,0.0571,0.05795,0.0567,0.0578,2279108.0,1701691199999,130611.61385,1012,1570490.0,90165.94169,0
1701691200000,0.05781,0.05795,0.05709,0.0572,736261.0,1701692099999,42291.65039,711,332328.0,19105.06168,0
1701692100000,0.05728,0.05767,0.05705,0.05756,805326.0,1701692999999,46255.71968,395,582268.0,33452.93465,0
1701693000000,0.05748,0.05755,0.05709,0.05752,1148621.0,1701693899999,65776.83022,617,350602.0,20085.82557,0
1701693900000,0.05754,0.05765,0.05707,0.05737,950433.0,1701694799999,54585.31882,648,319755.0,18364.36772,0
1701694800000,0.05735,0.05761,0.05715,0.05724,801990.0,1701695699999,46000.35388,508,524470.0,30093.37491,0
1701695700000,0.0572,0.05759,0.05719,0.05732,243446.0,1701696599999,13973.52726,193,123108.0,7068.746,0
1701696600000,0.05734,0.05752,0.05727,0.05743,294087.0,1701697499999,16892.98774,250,134306.0,7715.32124,0
1701697500000,0.05743,0.05748,0.05655,0.05683,1128883.0,1701698399999,64348.15589,596,414803.0,23695.23102,0
1701698400000,0.05682,0.05694,0.05578,0.05651,1406540.0,1701699299999,79255.01747,776,631859.0,35636.65051,0
1701699300000,0.05658,0.05671,0.05608,0.05612,418803.0,1701700199999,23644.16521,278,165632.0,9371.27904,0
1701700200000,0.05612,0.05652,0.0559,0.05646,1416536.0,1701701099999,79745.86018,536,367309.0,20687.09695,0
1701701100000,0.05647,0.05703,0.05645,0.05699,819747.0,1701701999999,46585.78064,368,665172.0,37797.13329,0
1701702000000,0.05699,0.05733,0.05682,0.05721,686092.0,1701702899999,39187.92482,408,387562.0,22148.34832,0
1701702900000,0.05721,0.05745,0.05718,0.05721,240077.0,1701703799999,13750.79909,173,95935.0,5496.26497,0
1701703800000,0.05725,0.05758,0.05678,0.05752,713849.0,1701704699999,40804.36144,429,438916.0,25087.89792,0
1701704700000,0.05751,0.05776,0.05729,0.0577,470965.0,1701705599999,27066.9432,207,306583.0,17628.54702,0
1701705600000,0.05775,0.0587,0.05775,0.05797,3302100.0,1701706499999,192375.64467,1762,1582309.0,92207.96816,0
1701706500000,0.05793,0.05815,0.05768,0.05806,714358.0,1701707399999,41400.61121,347,475836.0,27586.54616,0
1701707400000,0.05802,0.05809,0.05784,0.05802,147239.0,1701708299999,8535.45469,123,30451.0,1766.15661,0
1701708300000,0.058,0.05925,0.05793,0.05908,1809258.0,1701709199999,106333.04135,868,1199797.0,70488.38548,0
1701709200000,0.05908,0.05923,0.05875,0.05885,670657.0,1701710099999,39585.60348,387,263069.0,15527.10731,0
1701710100000,0.05898,0.0591,0.05879,0.05889,149142.0,1701710999999,8794.62492,132,86732.0,5113.44486,0
1701711000000,0.05888,0.05905,0.05864,0.05873,246883.0,1701711899999,14517.06877,145,138516.0,8144.08412,0
1701711900000,0.05879,0.05902,0.05866,0.05893,235707.0,1701712799999,13858.0513,131,103674.0,6092.77751,0
1701712800000,0.05895,0.059,0.05866,0.05882,172028.0,1701713699999,10134.92527,143,123408.0,7274.10717,0
1701713700000,0.05881,0.0592,0.05877,0.05912,843436.0,1701714599999,49783.87465,291,503320.0,29699.52253,0
1701714600000,0.05907,0.05907,0.05852,0.05863,617670.0,1701715499999,36286.94645,315,108965.0,6399.63413,0
1701715500000,0.05853,0.05868,0.05842,0.05842,153431.0,1701716399999,8982.84331,109,66138.0,3875.84513,0
1701716400000,0.05847,0.0585,0.05817,0.05825,331534.0,1701717299999,19342.91665,137,169733.0,9899.84626,0
1701717300000,0.05833,0.05852,0.05825,0.0585,64718.0,1701718199999,3776.91775,84,43222.0,2521.10611,0
1701718200000,0.05854,0.05854,0.05832,0.05843,79405.0,1701719099999,4637.47048,76,22191.0,1295.38645,0
1701719100000,0.05842,0.05858,0.05834,0.05852,211303.0,1701719999999,12347.65827,84,142705.0,8344.53977,0
1701720000000,0.05852,0.0586,0.0584,0.05853,86952.0,1701720899999,5086.82575,85,13349.0,781.52005,0
1701720900000,0.05857,0.05869,0.05852,0.05869,115277.0,1701721799999,6753.09312,104,74387.0,4357.39737,0
1701721800000,0.05867,0.0587,0.05842,0.0585,147940.0,1701722699999,8658.64683,112,36011.0,2107.3647,0
1701722700000,0.05853,0.05857,0.05838,0.05852,28971.0,1701723599999,1694.1006,39,8210.0,480.42346,0
1701723600000,0.05856,0.05864,0.05844,0.05854,38937.0,1701724499999,2279.5941,49,26399.0,1545.81381,0
1701724500000,0.05857,0.05859,0.05846,0.05856,20658.0,1701725399999,1209.09863,33,17463.0,1022.21643,0
1701725400000,0.05852,0.05866,0.05841,0.05846,65247.0,1701726299999,3815.31726,68,24375.0,1425.44202,0
1701726300000,0.05844,0.05861,0.05844,0.05849,43443.0,1701727199999,2541.96582,71,22163.0,1296.7719,0
1701727200000,0.05846,0.0587,0.05832,0.05869,209695.0,1701728099999,12264.00501,139,121161.0,7090.98292,0
1701728100000,0.05871,0.05875,0.05854,0.05868,138512.0,1701728999999,8122.3045,126,63359.0,3716.21621,0
1701729000000,0.05869,0.05869,0.05838,0.05841,192440.0,1701729899999,11255.65154,114,20939.0,1223.58824,0
1701729900000,0.0584,0.0584,0.058,0.05829,296734.0,1701730799999,17261.92872,245,29923.0,1741.64062,0
1701730800000,0.05826,0.05869,0.05822,0.05869,82221.0,1701731699999,4802.27769,105,39608.0,2313.00146,0
1701731700000,0.05874,0.05877,0.05867,0.05868,45026.0,1701732599999,2644.36934,52,25940.0,1523.54175,0
1701732600000,0.05868,0.05907,0.05868,0.0589,482229.0,1701733499999,28366.74867,157,361613.0,21266.39135,0
1701733500000,0.0589,0.0591,0.05889,0.0591,77970.0,1701734399999,4600.56147,76,36197.0,2134.25905,0
1701734400000,0.05909,0.05916,0.05868,0.05892,318913.0,1701735299999,18796.78238,350,175237.0,10335.21188,0
1701735300000,0.0589,0.05913,0.05888,0.05913,468467.0,1701736199999,27634.28956,242,139318.0,8228.35434,0
1701736200000,0.05912,0.05926,0.05897,0.05924,171990.0,1701737099999,10176.89356,172,83773.0,4958.13222,0
1701737100000,0.05922,0.0596,0.05919,0.0595,540681.0,1701737999999,32081.86048,414,417227.0,24759.41476,0
1701738000000,0.0595,0.0596,0.05908,0.05911,645844.0,1701738899999,38321.60649,413,127930.0,7598.13953,0
1701738900000,0.0591,0.05927,0.05841,0.05853,899421.0,1701739799999,52809.03709,667,250412.0,14723.81794,0
1701739800000,0.05855,0.05884,0.05823,0.05857,273959.0,1701740699999,16033.28672,308,175664.0,10280.27047,0
1701740700000,0.05857,0.05876,0.05835,0.05854,354552.0,1701741599999,20768.44523,269,178156.0,10446.88065,0
1701741600000,0.05857,0.05857,0.05767,0.05792,387916.0,1701742499999,22486.93563,410,161664.0,9361.88109,0
1701742500000,0.05794,0.0582,0.05782,0.05819,225110.0,1701743399999,13069.77933,220,153992.0,8942.64126,0
1701743400000,0.05814,0.05825,0.05805,0.05815,134578.0,1701744299999,7824.79372,119,62508.0,3636.75596,0
1701744300000,0.05818,0.05832,0.05798,0.05802,360136.0,1701745199999,20905.0254,159,18779.0,1093.37787,0
1701745200000,0.05802,0.05836,0.05795,0.05831,149081.0,1701746099999,8679.62558,104,86300.0,5026.67851,0
1701746100000,0.05832,0.05867,0.05832,0.05862,136308.0,1701746999999,7977.04974,106,62823.0,3674.58214,0
1701747000000,0.05858,0.05863,0.05843,0.05844,274855.0,1701747899999,16075.01949,123,84880.0,4971.19718,0
1701747900000,0.05843,0.05867,0.05826,0.05862,235057.0,1701748799999,13753.54322,132,182803.0,10696.58429,0
1701748800000,0.05867,0.05867,0.05827,0.05832,113480.0,1701749699999,6627.57872,80,54538.0,3186.21091,0
1701749700000,0.05829,0.05854,0.05825,0.05844,84298.0,1701750599999,4918.31327,70,22945.0,1340.10214,0
1701750600000,0.05845,0.05874,0.05844,0.05859,209432.0,1701751499999,12279.27456,107,165178.0,9686.54976,0
1701751500000,0.05876,0.05879,0.0586,0.05862,58653.0,1701752399999,3441.53067,54,20796.0,1221.51524,0
1701752400000,0.05864,0.05882,0.05849,0.05874,126286.0,1701753299999,7398.15214,76,79565.0,4660.63578,0
1701753300000,0.05883,0.05903,0.05883,0.05899,190109.0,1701754199999,11203.86725,146,55009.0,3242.49826,0
1701754200000,0.05896,0.05903,0.05888,0.05889,88432.0,1701755099999,5213.06222,52,15422.0,909.44834,0
1701755100000,0.05891,0.05907,0.05885,0.05894,405794.0,1701755999999,23932.6705,175,335959.0,19819.22835,0
1701756000000,0.05891,0.05912,0.05885,0.05907,191125.0,1701756899999,11276.82016,149,93393.0,5512.62332,0
1701756900000,0.05903,0.05919,0.05897,0.05897,520804.0,1701757799999,30776.28276,223,288955.0,17087.83178,0
1701757800000,0.05896,0.05899,0.05831,0.0586,571971.0,1701758699999,33533.39043,380,214203.0,12534.53607,0
1701758700000,0.05859,0.05885,0.05843,0.05865,296751.0,1701759599999,17417.91913,295,97546.0,5724.92381,0
1701759600000,0.05866,0.05874,0.05823,0.0585,512743.0,1701760499999,29928.11095,264,247273.0,14438.78212,0
1701760500000,0.05851,0.05862,0.05753,0.05799,745834.0,1701761399999,43287.38606,433,191958.0,11148.80586,0
1701761400000,0.05795,0.05803,0.05665,0.05673,2183239.0,1701762299999,125013.36535,1157,765362.0,43838.00065,0
1701762300000,0.05669,0.05743,0.05668,0.05726,679505.0,1701763199999,38836.25411,575,394886.0,22554.02478,0
1701763200000,0.05724,0.05758,0.0572,0.05744,419749.0,1701764099999,24078.59074,268,239056.0,13715.08227,0
1701764100000,0.05743,0.05747,0.05694,0.05696,652210.0,1701764999999,37289.39509,312,279976.0,16038.79324,0
1701765000000,0.05693,0.05693,0.0564,0.05644,1270546.0,1701765899999,71969.1086,556,376679.0,21343.55808,0
1701765900000,0.05645,0.05686,0.05645,0.05682,493381.0,1701766799999,27951.78784,310,163302.0,9262.6335,0
1701766800000,0.05684,0.05715,0.05681,0.05713,382437.0,1701767699999,21789.4751,166,139897.0,7971.95767,0
1701767700000,0.05715,0.05733,0.05711,0.05719,276063.0,1701768599999,15794.6865,153,197408.0,11296.85171,0
1701768600000,0.05728,0.05728,0.05711,0.05719,236509.0,1701769499999,13524.13978,134,43696.0,2499.89485,0
1701769500000,0.05717,0.05726,0.05706,0.05706,241654.0,1701770399999,13804.12208,142,38909.0,2225.70478,0
1701770400000,0.05706,0.05722,0.05706,0.05711,211198.0,1701771299999,12068.01226,163,53517.0,3059.09512,0
1701771300000,0.05711,0.05728,0.05702,0.05722,582802.0,1701772199999,33298.80529,310,318144.0,18186.24092,0
1701772200000,0.05718,0.05722,0.057,0.05709,536853.0,1701773099999,30673.67972,258,289308.0,16532.96004,0
1701773100000,0.05706,0.05713,0.05665,0.05665,513940.0,1701773999999,29267.60995,255,185260.0,10551.12566,0
1701774000000,0.05667,0.05703,0.05645,0.05703,321230.0,1701774899999,18227.48353,231,240974.0,13676.26799,0
1701774900000,0.05704,0.05719,0.05673,0.05684,346290.0,1701775799999,19713.11935,185,79574.0,4541.47775,0
1701775800000,0.05686,0.05687,0.05641,0.05657,402369.0,1701776699999,22755.17383,296,115619.0,6540.64478,0
1701776700000,0.05648,0.05677,0.05641,0.05671,302771.0,1701777599999,17105.01983,145,184844.0,10439.12252,0
1701777600000,0.05666,0.05705,0.05648,0.05705,785925.0,1701778499999,44654.40274,304,614016.0,34907.00699,0
1701778500000,0.05707,0.05709,0.05689,0.05693,94824.0,1701779399999,5406.35759,78,22209.0,1266.63574,0
1701779400000,0.0569,0.05703,0.05672,0.05673,233869.0,1701780299999,13302.55068,174,144936.0,8247.19062,0
1701780300000,0.05677,0.05679,0.05657,0.05664,748895.0,1701781199999,42438.26692,340,351430.0,19927.06549,0
1701781200000,0.05659,0.05664,0.05643,0.05663,253453.0,1701782099999,14331.34457,210,101010.0,5713.17023,0
1701782100000,0.0566,0.0568,0.05608,0.05623,514357.0,1701782999999,29044.58748,324,223647.0,12635.52419,0
1701783000000,0.05619,0.05651,0.0561,0.05639,781176.0,1701783899999,43983.28042,384,516394.0,29080.00286,0
1701783900000,0.05642,0.05659,0.05607,0.05607,363235.0,1701784799999,20439.76691,297,191832.0,10803.27773,0
1701784800000,0.05607,0.05647,0.05575,0.05621,979615.0,1701785699999,54996.97101,523,423249.0,23794.81085,0
1701785700000,0.05624,0.05673,0.05623,0.0567,157500.0,1701786599999,8905.57925,160,71216.0,4024.65686,0
1701786600000,0.05669,0.05677,0.05643,0.05646,327542.0,1701787499999,18536.76927,147,45590.0,2583.26974,0
1701787500000,0.05661,0.05667,0.05646,0.05659,232009.0,1701788399999,13128.59152,129,109908.0,6218.36783,0
1701788400000,0.0565,0.05673,0.05631,0.05667,530037.0,1701789299999,29979.33649,233,222862.0,12601.85986,0
1701789300000,0.05665,0.05672,0.05647,0.05655,619028.0,1701790199999,35041.25487,305,74529.0,4219.85483,0
1701790200000,0.05654,0.05705,0.05652,0.05692,515551.0,1701791099999,29321.89062,273,248060.0,14094.39224,0
1701791100000,0.05699,0.05722,0.05663,0.05715,658311.0,1701791999999,37503.21427,423,269518.0,15366.07976,0
1701792000000,0.05713,0.05726,0.05664,0.05701,812877.0,1701792899999,46282.04231,483,186301.0,10618.49218,0
1701792900000,0.05692,0.05712,0.05674,0.05712,385595.0,1701793799999,21969.67922,282,169484.0,9651.85254,0
1701793800000,0.05715,0.058,0.05715,0.05792,984309.0,1701794699999,56676.29756,544,773738.0,44556.62671,0
1701794700000,0.05791,0.05792,0.05747,0.05764,447294.0,1701795599999,25803.02813,284,172031.0,9935.85218,0
1701795600000,0.05767,0.05827,0.05766,0.05827,476539.0,1701796499999,27624.45915,258,236647.0,13724.33358,0
1701796500000,0.05827,0.05847,0.05772,0.05825,705705.0,1701797399999,40946.36493,406,341073.0,19794.40652,0
1701797400000,0.05825,0.05841,0.05784,0.05793,466804.0,1701798299999,27143.92104,309,122689.0,7143.91605,0
1701798300000,0.05807,0.059,0.05807,0.05897,440880.0,1701799199999,25842.27723,328,271316.0,15919.88307,0
1701799200000,0.05897,0.0592,0.05839,0.05909,945469.0,1701800099999,55747.79435,637,386799.0,22831.9461,0
1701800100000,0.05909,0.05909,0.05851,0.05872,643278.0,1701800999999,37879.6212,446,464389.0,27363.77907,0
1701801000000,0.05874,0.05886,0.05601,0.0583,1402071.0,1701801899999,81244.352,953,393368.0,23030.95924,0
1701801900000,0.05843,0.05859,0.05819,0.05847,253925.0,1701802799999,14828.26395,241,140877.0,8223.11206,0
1701802800000,0.05852,0.05893,0.05848,0.05879,454490.0,1701803699999,26660.63628,350,326894.0,19169.67576,0
1701803700000,0.05882,0.05906,0.05867,0.05881,262050.0,1701804599999,15416.06251,204,154233.0,9080.62309,0
1701804600000,0.05883,0.05902,0.05873,0.05883,178399.0,1701805499999,10503.71084,154,124301.0,7320.72508,0
1701805500000,0.05885,0.05904,0.0588,0.0589,186124.0,1701806399999,10966.7192,100,37790.0,2228.11853,0
1701806400000,0.0589,0.05896,0.05875,0.0588,101830.0,1701807299999,5994.53686,81,48080.0,2831.24492,0
1701807300000,0.0588,0.0588,0.05773,0.0583,1068159.0,1701808199999,62327.73404,400,139585.0,8156.55799,0
1701808200000,0.05829,0.05865,0.05767,0.05808,2291071.0,1701809099999,133265.00452,1099,412458.0,24064.44009,0
1701809100000,0.05817,0.05817,0.05795,0.05804,108752.0,1701809999999,6312.14464,60,25810.0,1498.21964,0
1701810000000,0.05808,0.05812,0.05776,0.05776,341780.0,1701810899999,19793.67762,184,103575.0,6005.07713,0
1701810900000,0.05777,0.05793,0.05772,0.05772,206845.0,1701811799999,11955.71045,130,46871.0,2712.66123,0
1701811800000,0.05776,0.05786,0.05769,0.05776,94062.0,1701812699999,5434.42111,98,48981.0,2830.21984,0
1701812700000,0.05773,0.05783,0.0576,0.05763,215122.0,1701813599999,12409.31477,138,110157.0,6353.44243,0
1701813600000,0.05769,0.05787,0.05758,0.05787,283889.0,1701814499999,16393.00835,122,189278.0,10929.78018,0
1701814500000,0.05785,0.05789,0.05768,0.05781,71305.0,1701815399999,4119.76485,46,21602.0,1248.43312,0
1701815400000,0.05779,0.05779,0.05742,0.05743,129565.0,1701816299999,7458.48863,99,46780.0,2697.34978,0
1701816300000,0.0574,0.05753,0.05735,0.05753,297462.0,1701817199999,17078.5229,75,107630.0,6182.88111,0
1701817200000,0.05749,0.05802,0.05749,0.05801,289128.0,1701818099999,16746.85749,136,243195.0,14090.21146,0
1701818100000,0.05794,0.0582,0.05788,0.05795,345179.0,1701818999999,20028.83256,272,228956.0,13287.0703,0
1701819000000,0.05792,0.05793,0.05769,0.05785,88832.0,1701819899999,5134.49998,84,51572.0,2980.15791,0
1701819900000,0.05784,0.05802,0.05781,0.05795,46448.0,1701820799999,2690.94322,54,31696.0,1836.58411,0
1701820800000,0.05796,0.05812,0.05764,0.05777,261596.0,1701821699999,15158.3474,258,99904.0,5789.96068,0
1701821700000,0.05778,0.05825,0.05766,0.0582,291427.0,1701822599999,16930.86431,280,174110.0,10119.8968,0
1701822600000,0.0582,0.05822,0.05777,0.05815,180308.0,1701823499999,10455.54271,150,74797.0,4339.6416,0
1701823500000,0.05815,0.05864,0.05808,0.05863,318348.0,1701824399999,18596.27846,293,122738.0,7175.84242,0
1701824400000,0.05855,0.05873,0.05844,0.05854,350816.0,1701825299999,20559.96502,246,129275.0,7581.06123,0
1701825300000,0.05852,0.05852,0.05792,0.05806,118907.0,1701826199999,6922.81394,88,34597.0,2009.33244,0
1701826200000,0.05803,0.05814,0.05784,0.05798,282119.0,1701827099999,16361.35072,200,189267.0,10979.85162,0
1701827100000,0.05791,0.05814,0.05775,0.05809,614211.0,1701827999999,35607.43844,290,193940.0,11260.2479,0
1701828000000,0.05809,0.05811,0.0577,0.0577,167364.0,1701828899999,9704.60736,118,76564.0,4441.84257,0
1701828900000,0.05773,0.05782,0.05744,0.05749,256734.0,1701829799999,14799.14911,171,83807.0,4834.48643,0
1701829800000,0.05747,0.05752,0.056,0.05721,2145114.0,1701830699999,122056.662,651,459869.0,26305.65846,0
1701830700000,0.05722,0.05729,0.05708,0.05711,171283.0,1701831599999,9794.64108,123,46232.0,2645.24457,0
1701831600000,0.05709,0.05712,0.05688,0.05689,273049.0,1701832499999,15563.8265,126,99946.0,5699.9661,0
1701832500000,0.05693,0.05701,0.05665,0.05684,632796.0,1701833399999,35957.08538,242,138240.0,7866.28565,0
1701833400000,0.05683,0.0569,0.05653,0.05653,485444.0,1701834299999,27533.8212,226,186221.0,10567.91999,0
1701834300000,0.05659,0.05687,0.05659,0.05685,47430.0,1701835199999,2693.67942,51,21794.0,1237.90403,0
1701835200000,0.05684,0.05703,0.05671,0.057,159862.0,1701836099999,9090.15949,102,32553.0,1852.50766,0
1701836100000,0.057,0.05706,0.05691,0.05695,235730.0,1701836999999,13428.40142,105,98544.0,5614.98389,0
1701837000000,0.05695,0.05697,0.05659,0.05661,118492.0,1701837899999,6723.71637,91,71978.0,4085.27563,0
1701837900000,0.05665,0.0569,0.0566,0.05685,116205.0,1701838799999,6596.60303,114,60488.0,3430.42906,0
1701838800000,0.05691,0.05706,0.05688,0.05689,44466.0,1701839699999,2534.28406,59,33481.0,1908.61453,0
1701839700000,0.05693,0.05698,0.05625,0.05652,798767.0,1701840599999,45167.39627,372,332222.0,18779.46444,0
1701840600000,0.0565,0.0565,0.05558,0.05604,2364441.0,1701841499999,132245.31639,1050,852527.0,47699.30761,0
1701841500000,0.05605,0.05629,0.05595,0.05613,336990.0,1701842399999,18929.69667,202,121832.0,6843.84663,0
1701842400000,0.05611,0.05613,0.05558,0.05583,1133176.0,1701843299999,63236.17619,421,720827.0,40236.72288,0
1701843300000,0.05591,0.05606,0.0558,0.056,185226.0,1701844199999,10357.62598,146,108416.0,6066.22713,0
1701844200000,0.05606,0.05628,0.056,0.05624,148106.0,1701845099999,8317.14229,132,45415.0,2549.54102,0
1701845100000,0.05622,0.05639,0.0561,0.05619,179050.0,1701845999999,10073.65477,128,124224.0,6992.33211,0
1701846000000,0.05619,0.05631,0.05608,0.05611,195467.0,1701846899999,10977.08484,112,102566.0,5762.39499,0
1701846900000,0.05615,0.05638,0.05603,0.05634,558820.0,1701847799999,31371.8959,213,376555.0,21139.56368,0
1701847800000,0.05634,0.05636,0.0561,0.05627,95989.0,1701848699999,5397.45114,92,43573.0,2451.80027,0
1701848700000,0.05621,0.05641,0.05615,0.05627,202578.0,1701849599999,11395.01434,184,49276.0,2774.45807,0
1701849600000,0.05624,0.05646,0.05612,0.05637,176448.0,1701850499999,9933.23373,151,111563.0,6281.53192,0
1701850500000,0.05637,0.05653,0.05629,0.05644,358658.0,1701851399999,20247.53342,201,270350.0,15267.74395,0
1701851400000,0.05644,0.05664,0.05625,0.05658,1213188.0,1701852299999,68509.74512,447,430985.0,24344.27373,0
1701852300000,0.05657,0.05677,0.05646,0.05677,257807.0,1701853199999,14606.38727,189,181005.0,10259.7533,0
1701853200000,0.05678,0.05678,0.05646,0.05656,378509.0,1701854099999,21425.23585,176,147711.0,8359.41368,0
1701854100000,0.05662,0.05669,0.05632,0.0564,415960.0,1701854999999,23512.36139,238,86705.0,4901.54712,0
1701855000000,0.05638,0.05659,0.05632,0.05641,389914.0,1701855899999,22021.0941,209,114273.0,6457.01858,0
1701855900000,0.05635,0.05643,0.05606,0.05614,474764.0,1701856799999,26695.59473,313,188774.0,10609.96272,0
1701856800000,0.05615,0.05632,0.05604,0.05604,348573.0,1701857699999,19571.1633,248,151319.0,8502.60827,0
1701857700000,0.05603,0.05612,0.05575,0.05609,613578.0,1701858599999,34307.47459,405,364901.0,20397.48883,0
1701858600000,0.05609,0.05615,0.05599,0.056,169402.0,1701859499999,9497.70576,145,20950.0,1174.6082,0
1701859500000,0.05599,0.0561,0.05572,0.05597,312352.0,1701860399999,17459.1998,156,92541.0,5176.90759,0
1701860400000,0.05595,0.0561,0.05515,0.05523,861386.0,1701861299999,47884.75655,575,359584.0,20002.92936,0
1701861300000,0.0552,0.05551,0.055,0.05532,992138.0,1701862199999,54796.18812,430,267555.0,14812.07224,0
1701862200000,0.05528,0.05575,0.05436,0.05517,3231896.0,1701863099999,177563.11041,1418,1811750.0,99594.06283,0
1701863100000,0.0552,0.05545,0.05491,0.05539,699105.0,1701863999999,38615.84505,363,523343.0,28918.57606,0
1701864000000,0.05537,0.05564,0.05504,0.05541,752428.0,1701864899999,41628.73568,497,239028.0,13257.31413,0
1701864900000,0.05537,0.05543,0.05515,0.05523,653301.0,1701865799999,36117.3072,229,216669.0,11974.52811,0
1701865800000,0.05521,0.05557,0.05521,0.05557,155285.0,1701866699999,8604.40174,134,122060.0,6763.929,0
1701866700000,0.05557,0.05592,0.05554,0.05573,304190.0,1701867599999,16955.37899,257,122626.0,6838.31354,0
1701867600000,0.05571,0.05605,0.05566,0.05573,204260.0,1701868499999,11415.55761,172,141175.0,7892.40036,0
1701868500000,0.05579,0.05583,0.0554,0.05566,700674.0,1701869399999,38942.94849,308,191961.0,10678.49758,0
1701869400000,0.05568,0.05571,0.05532,0.0554,74889.0,1701870299999,4156.78245,118,44676.0,2479.70882,0
1701870300000,0.0555,0.0556,0.05527,0.05547,108733.0,1701871199999,6025.53473,119,49303.0,2733.99576,0
1701871200000,0.05547,0.05575,0.05547,0.05573,148381.0,1701872099999,8252.61625,170,89178.0,4962.28157,0
1701872100000,0.05566,0.05575,0.05546,0.05575,147993.0,1701872999999,8224.51788,107,59321.0,3298.66655,0
1701873000000,0.05568,0.05568,0.05511,0.05533,330417.0,1701873899999,18294.01864,175,119055.0,6602.36781,0
1701873900000,0.05533,0.05534,0.05477,0.05499,887889.0,1701874799999,48785.79607,439,208422.0,11473.12525,0
1701874800000,0.05499,0.05523,0.05486,0.05518,405890.0,1701875699999,22352.57602,262,219763.0,12108.71096,0
1701875700000,0.05513,0.0553,0.05504,0.05521,116500.0,1701876599999,6430.30999,82,76482.0,4220.86484,0
1701876600000,0.05527,0.05564,0.05525,0.05558,638714.0,1701877499999,35384.32148,253,388608.0,21547.03022,0
1701877500000,0.0556,0.05597,0.05557,0.05572,357379.0,1701878399999,19916.65901,217,135615.0,7560.39389,0
1701878400000,0.05572,0.056,0.05568,0.05586,135459.0,1701879299999,7565.22578,135,83619.0,4672.6858,0
1701879300000,0.05592,0.0561,0.05516,0.05606,1716405.0,1701880199999,95674.74706,726,434563.0,24302.64611,0
1701880200000,0.05606,0.05631,0.05593,0.05631,375459.0,1701881099999,21093.62213,277,248018.0,13939.54248,0
1701881100000,0.0563,0.05631,0.05583,0.05618,378544.0,1701881999999,21211.83982,273,185881.0,10418.651,0
1701882000000,0.05619,0.05636,0.05611,0.05616,458117.0,1701882899999,25760.68601,290,173865.0,9782.88464,0
1701882900000,0.05614,0.05658,0.05612,0.05653,430484.0,1701883799999,24287.60251,315,278531.0,15713.78304,0
1701883800000,0.05653,0.05682,0.05652,0.05682,377695.0,1701884699999,21411.67182,265,186889.0,10598.38883,0
1701884700000,0.05682,0.057,0.05647,0.05673,961137.0,1701885599999,54584.56538,617,348878.0,19829.40472,0
1701885600000,0.05673,0.05692,0.05652,0.05683,181485.0,1701886499999,10294.9714,144,85451.0,4844.07262,0
1701886500000,0.05679,0.0568,0.05654,0.05662,166377.0,1701887399999,9428.17342,118,78367.0,4443.04799,0
1701887400000,0.05664,0.05671,0.05637,0.0564,267339.0,1701888299999,15099.14462,111,86817.0,4906.65992,0
1701888300000,0.05653,0.05696,0.05633,0.05657,764262.0,1701889199999,43277.78613,289,271018.0,15377.8321,0
1701889200000,0.05667,0.05679,0.05659,0.05679,133618.0,1701890099999,7578.52461,66,95265.0,5405.47415,0
1701890100000,0.05674,0.05677,0.05664,0.05676,53139.0,1701890999999,3013.31049,51,10286.0,583.26855,0
1701891000000,0.05679,0.0568,0.05666,0.05674,65351.0,1701891899999,3707.06726,63,29578.0,1678.48443,0
1701891900000,0.05674,0.0568,0.05659,0.05677,143670.0,1701892799999,8152.93708,82,117681.0,6679.43697,0
1701892800000,0.0568,0.0569,0.05668,0.05672,203658.0,1701893699999,11562.48894,114,73316.0,4164.65759,0
1701893700000,0.0567,0.0567,0.05633,0.05635,111262.0,1701894599999,6287.25049,96,21567.0,1219.38958,0
1701894600000,0.0564,0.05656,0.05633,0.05633,189390.0,1701895499999,10692.42914,117,154588.0,8730.13772,0
1701895500000,0.05638,0.05638,0.056,0.056,236068.0,1701896399999,13260.3632,113,47356.0,2659.495,0
1701896400000,0.05603,0.05636,0.05603,0.0563,230775.0,1701897299999,12981.8165,91,191079.0,10746.83277,0
1701897300000,0.05628,0.05657,0.05616,0.05623,1015815.0,1701898199999,57265.62679,403,948077.0,53449.90438,0
1701898200000,0.05624,0.05646,0.05556,0.05603,879145.0,1701899099999,49274.73672,412,492208.0,27667.56687,0
1701899100000,0.05597,0.05625,0.05597,0.05619,147645.0,1701899999999,8286.02775,103,65798.0,3693.69572,0
1701900000000,0.05619,0.05642,0.05612,0.05638,128110.0,1701900899999,7204.51731,67,41527.0,2336.97774,0
1701900900000,0.0564,0.05659,0.05638,0.05657,132981.0,1701901799999,7511.12755,80,89748.0,5068.04516,0
1701901800000,0.0566,0.05666,0.05603,0.05603,200008.0,1701902699999,11275.91372,136,55071.0,3114.40979,0
1701902700000,0.05608,0.05608,0.05536,0.05574,369570.0,1701903599999,20567.34748,257,105520.0,5859.7347,0
1701903600000,0.05576,0.05594,0.05552,0.05557,183179.0,1701904499999,10200.67523,119,56048.0,3124.3151,0
1701904500000,0.05569,0.05589,0.05555,0.05555,159208.0,1701905399999,8867.4532,101,15653.0,872.60792,0
1701905400000,0.05559,0.05578,0.05543,0.05566,341207.0,1701906299999,19002.50531,127,127356.0,7085.78916,0
1701906300000,0.05571,0.05583,0.0554,0.05558,103007.0,1701907199999,5723.81338,82,47498.0,2640.20414,0
1701907200000,0.0556,0.05582,0.05541,0.05548,224884.0,1701908099999,12504.95803,176,64827.0,3603.99631,0
1701908100000,0.05547,0.05616,0.05547,0.05611,163463.0,1701908999999,9116.34245,87,138738.0,7735.65402,0
1701909000000,0.05614,0.05684,0.05608,0.05679,377342.0,1701909899999,21310.06702,289,134446.0,7594.73686,0
1701909900000,0.05686,0.05699,0.05621,0.05621,281543.0,1701910799999,15943.18912,209,62419.0,3533.81499,0
1701910800000,0.05621,0.05639,0.05614,0.05617,449005.0,1701911699999,25267.96153,217,279430.0,15733.10139,0
1701911700000,0.05617,0.05625,0.05602,0.05619,292210.0,1701912599999,16409.45396,151,177003.0,9945.14222,0
1701912600000,0.05626,0.05627,0.05585,0.05614,158196.0,1701913499999,8862.62547,111,36979.0,2072.6918,0
1701913500000,0.05609,0.05647,0.05604,0.05646,194700.0,1701914399999,10955.64439,91,162398.0,9140.91832,0
1701914400000,0.0564,0.05642,0.05612,0.05617,93343.0,1701915299999,5252.2261,69,21607.0,1216.9772,0
1701915300000,0.05621,0.05621,0.05601,0.05618,176502.0,1701916199999,9903.74805,72,135227.0,7588.54044,0
1701916200000,0.05618,0.0563,0.05612,0.05614,31593.0,1701917099999,1776.05791,53,6803.0,382.25075,0
1701917100000,0.05612,0.05612,0.05585,0.05593,56796.0,1701917999999,3178.97118,58,29566.0,1654.24634,0
1701918000000,0.05597,0.05597,0.05562,0.05574,86739.0,1701918899999,4836.39895,78,23524.0,1311.56862,0
1701918900000,0.05577,0.05615,0.05566,0.05594,476169.0,1701919799999,26586.6272,149,232207.0,12980.57409,0
1701919800000,0.05597,0.05604,0.05586,0.05603,50075.0,1701920699999,2802.56648,46,28646.0,1603.52045,0
1701920700000,0.05608,0.05627,0.05608,0.05627,97383.0,1701921599999,5474.69283,52,68252.0,3838.11732,0
1701921600000,0.05627,0.05653,0.05619,0.05653,93631.0,1701922499999,5280.61716,64,66834.0,3772.74012,0
1701922500000,0.05652,0.05657,0.05644,0.05653,77686.0,1701923399999,4391.29313,46,57957.0,3276.54697,0
1701923400000,0.05654,0.05662,0.05629,0.05649,1034694.0,1701924299999,58354.96749,216,331166.0,18665.18385,0
1701924300000,0.05648,0.05666,0.05637,0.05663,372229.0,1701925199999,21026.8725,161,146014.0,8251.53988,0
1701925200000,0.05655,0.0567,0.05653,0.0567,42677.0,1701926099999,2414.95229,35,20247.0,1146.1839,0
1701926100000,0.05665,0.05683,0.05654,0.05679,80496.0,1701926999999,4566.19225,68,30309.0,1719.56247,0
1701927000000,0.05683,0.05686,0.05675,0.05676,108338.0,1701927899999,6153.4924,63,23973.0,1362.1398,0
1701927900000,0.05672,0.05687,0.05665,0.05673,212357.0,1701928799999,12051.8823,126,73238.0,4159.56366,0
1701928800000,0.0567,0.05673,0.05654,0.0566,214054.0,1701929699999,12114.85771,93,124701.0,7058.43719,0
1701929700000,0.05659,0.0567,0.05637,0.0566,760203.0,1701930599999,42985.60198,237,152843.0,8656.64776,0
1701930600000,0.05663,0.05685,0.05654,0.05675,801446.0,1701931499999,45433.02404,243,620507.0,35176.49291,0
1701931500000,0.05675,0.05711,0.05655,0.05687,712588.0,1701932399999,40529.3913,375,503745.0,28661.73164,0
1701932400000,0.05686,0.05721,0.05685,0.05711,377349.0,1701933299999,21541.18547,217,166886.0,9526.83953,0
1701933300000,0.0571,0.0571,0.05667,0.05679,850539.0,1701934199999,48396.08695,493,168194.0,9572.52586,0
1701934200000,0.05677,0.05706,0.05675,0.05705,1003341.0,1701935099999,57095.44702,418,788367.0,44863.14201,0
1701935100000,0.05703,0.05707,0.05685,0.05692,112203.0,1701935999999,6391.29585,117,45780.0,2608.61595,0
1701936000000,0.05693,0.05712,0.05676,0.05676,332346.0,1701936899999,18938.44546,232,128144.0,7307.79453,0
1701936900000,0.05677,0.05691,0.0563,0.0563,745837.0,1701937799999,42203.72753,518,245289.0,13885.95047,0
1701937800000,0.05633,0.05656,0.05619,0.05651,168767.0,1701938699999,9504.36037,145,66010.0,3716.2466,0
1701938700000,0.05651,0.05656,0.056,0.056,184120.0,1701939599999,10353.39941,149,31782.0,1786.84856,0
1701939600000,0.0561,0.05624,0.05552,0.05559,565274.0,1701940499999,31566.73354,375,211450.0,11823.04328,0
1701940500000,0.05557,0.05559,0.05453,0.05487,2380480.0,1701941399999,131030.57508,1454,677366.0,37286.53851,0
1701941400000,0.05487,0.05559,0.0548,0.05548,910172.0,1701942299999,50330.74253,465,330493.0,18244.62967,0
1701942300000,0.05549,0.05583,0.05529,0.05576,1301218.0,1701943199999,72277.9084,609,357837.0,19910.04314,0
1701943200000,0.05573,0.05596,0.05547,0.05568,372955.0,1701944099999,20768.64994,216,143515.0,7998.61379,0
1701944100000,0.05563,0.05574,0.05538,0.05574,442537.0,1701944999999,24592.26982,265,202211.0,11249.2563,0
1701945000000,0.05574,0.05595,0.0557,0.05589,395379.0,1701945899999,22086.23429,281,230603.0,12883.6441,0
1701945900000,0.05594,0.05594,0.05552,0.05555,100910.0,1701946799999,5626.21136,119,12110.0,674.28132,0
1701946800000,0.05558,0.0558,0.05555,0.05574,224206.0,1701947699999,12474.52708,158,48954.0,2726.60847,0
1701947700000,0.05577,0.05613,0.05577,0.05599,181598.0,1701948599999,10169.9739,146,116750.0,6538.28312,0
1701948600000,0.05604,0.05604,0.0555,0.05557,269536.0,1701949499999,15002.17913,196,76009.0,4231.32368,0
1701949500000,0.05559,0.05583,0.0555,0.05578,190250.0,1701950399999,10591.00541,134,135114.0,7524.99756,0
1701950400000,0.05578,0.05594,0.05556,0.05594,139806.0,1701951299999,7786.92733,117,61828.0,3444.73113,0
1701951300000,0.05591,0.05611,0.05576,0.05608,271475.0,1701952199999,15187.70553,212,150950.0,8449.35722,0
1701952200000,0.05606,0.05628,0.05604,0.0562,189165.0,1701953099999,10626.22209,132,99652.0,5599.21557,0
1701953100000,0.0562,0.05632,0.0562,0.05632,68463.0,1701953999999,3853.17472,64,26699.0,1502.65466,0
1701954000000,0.05629,0.05638,0.05596,0.05596,148508.0,1701954899999,8332.59856,87,37365.0,2097.59362,0
1701954900000,0.05595,0.05602,0.05577,0.05584,148810.0,1701955799999,8313.32947,93,59319.0,3317.68015,0
1701955800000,0.05581,0.05587,0.05562,0.05562,123836.0,1701956699999,6904.55966,74,65598.0,3660.94044,0
1701956700000,0.05569,0.05578,0.05552,0.05561,178134.0,1701957599999,9909.32368,130,75840.0,4221.25776,0
1701957600000,0.05564,0.05578,0.05557,0.05574,85015.0,1701958499999,4733.46629,88,23990.0,1335.98236,0
1701958500000,0.05566,0.05588,0.0555,0.05582,130767.0,1701959399999,7278.43813,112,85885.0,4783.71132,0
1701959400000,0.05579,0.05606,0.05565,0.05569,401357.0,1701960299999,22412.61049,208,149304.0,8352.52066,0
1701960300000,0.05563,0.05603,0.05563,0.05598,158476.0,1701961199999,8844.2461,117,121653.0,6788.5133,0
1701961200000,0.0559,0.05616,0.05588,0.0561,160681.0,1701962099999,9001.38058,134,77328.0,4334.1252,0
1701962100000,0.056,0.057,0.056,0.05696,1155476.0,1701962999999,65560.35713,515,1010485.0,57347.10034,0
1701963000000,0.05694,0.05716,0.0568,0.05698,836694.0,1701963899999,47691.72336,504,460059.0,26230.94877,0
1701963900000,0.05694,0.05698,0.05667,0.05671,251547.0,1701964799999,14294.34033,262,105362.0,5988.23405,0
1701964800000,0.05672,0.05721,0.05648,0.05699,951928.0,1701965699999,54252.84026,615,419848.0,23938.23919,0
1701965700000,0.057,0.05746,0.0569,0.0573,480774.0,1701966599999,27520.43931,456,206061.0,11804.56622,0
1701966600000,0.05738,0.05779,0.05735,0.05764,469401.0,1701967499999,27038.84877,367,248155.0,14287.44819,0
1701967500000,0.05765,0.05796,0.05742,0.05786,339764.0,1701968399999,19592.90597,359,154338.0,8908.72433,0
1701968400000,0.05796,0.058,0.05695,0.05794,925265.0,1701969299999,53305.60067,643,446388.0,25743.95856,0
1701969300000,0.05794,0.05819,0.05787,0.05813,967410.0,1701970199999,56140.23524,688,623979.0,36214.85673,0
1701970200000,0.05814,0.05826,0.05784,0.058,512920.0,1701971099999,29787.6948,453,205824.0,11952.94861,0
1701971100000,0.05801,0.05833,0.05772,0.05822,1618934.0,1701971999999,94061.97666,1165,719172.0,41797.4494,0
1701972000000,0.05823,0.05879,0.05805,0.05862,1795639.0,1701972899999,105041.78806,1467,560741.0,32796.00293,0
1701972900000,0.05861,0.05944,0.05839,0.05878,3706887.0,1701973799999,219101.67553,2089,1339369.0,79226.40864,0
1701973800000,0.05879,0.05919,0.05844,0.05871,2239790.0,1701974699999,131695.36049,1521,824078.0,48503.722,0
1701974700000,0.05872,0.0594,0.0586,0.05904,1964942.0,1701975599999,116055.312,1369,854340.0,50476.67902,0
1701975600000,0.05912,0.05918,0.05844,0.05853,1037520.0,1701976499999,61157.58943,714,201366.0,11864.16359,0
1701976500000,0.05857,0.05857,0.05751,0.05771,857740.0,1701977399999,49725.01255,522,323652.0,18787.85924,0
1701977400000,0.05781,0.05786,0.05712,0.05717,1065735.0,1701978299999,61277.64289,558,315429.0,18166.88038,0
1701978300000,0.05715,0.0574,0.05708,0.05728,253235.0,1701979199999,14495.0665,254,135682.0,7769.36391,0
1701979200000,0.0573,0.05754,0.0573,0.05745,213454.0,1701980099999,12259.31782,167,120621.0,6927.81979,0
1701980100000,0.05744,0.05744,0.05711,0.05713,205236.0,1701980999999,11758.74965,175,73917.0,4234.33969,0
1701981000000,0.05717,0.05723,0.05685,0.05703,133883.0,1701981899999,7636.31444,152,49969.0,2848.83025,0
1701981900000,0.05697,0.05732,0.05697,0.05731,104886.0,1701982799999,5988.87945,104,79574.0,4542.55463,0
1701982800000,0.05736,0.05781,0.05732,0.05781,214501.0,1701983699999,12365.3277,122,148122.0,8542.68352,0
1701983700000,0.05782,0.05838,0.05771,0.05837,354358.0,1701984599999,20592.08743,227,216223.0,12577.61793,0
1701984600000,0.05836,0.05859,0.05807,0.05831,394717.0,1701985499999,23036.52826,277,227374.0,13282.07264,0
1701985500000,0.05831,0.05846,0.0581,0.05814,115853.0,1701986399999,6755.52517,111,73980.0,4315.99498,0
1701986400000,0.05816,0.05826,0.058,0.05808,132684.0,1701987299999,7714.41711,61,39616.0,2301.51608,0
1701987300000,0.0581,0.0581,0.05786,0.05806,35190.0,1701988199999,2041.7357,47,21992.0,1276.26463,0
1701988200000,0.05793,0.05793,0.05758,0.05779,424964.0,1701989099999,24541.63741,208,149010.0,8603.74443,0
1701989100000,0.05778,0.05783,0.05757,0.05757,102920.0,1701989999999,5935.07194,79,42397.0,2446.89459,0
1701990000000,0.05761,0.05772,0.05754,0.05756,71560.0,1701990899999,4125.08324,45,44378.0,2558.93439,0
1701990900000,0.0576,0.05762,0.05743,0.05754,148927.0,1701991799999,8568.42486,69,62596.0,3601.87454,0
1701991800000,0.05756,0.05787,0.05751,0.05787,114802.0,1701992699999,6612.38496,81,76567.0,4411.54462,0
1701992700000,0.05789,0.05792,0.05754,0.05774,540959.0,1701993599999,31237.87153,213,213350.0,12326.03311,0
1701993600000,0.05775,0.05787,0.05764,0.05776,469066.0,1701994499999,27077.43889,273,104966.0,6061.28992,0
1701994500000,0.05774,0.05814,0.05773,0.05814,162482.0,1701995399999,9424.48424,112,85831.0,4979.34113,0
1701995400000,0.05809,0.05809,0.05747,0.05757,527646.0,1701996299999,30423.68801,306,85611.0,4939.60046,0
1701996300000,0.05755,0.05788,0.05748,0.05777,514396.0,1701997199999,29698.46007,239,433917.0,25059.85123,0
1701997200000,0.05774,0.05775,0.05711,0.05726,1450295.0,1701998099999,83138.38887,454,334563.0,19204.57976,0
1701998100000,0.05727,0.05758,0.05698,0.05706,2801380.0,1701998999999,159952.98859,729,1310001.0,74707.70076,0
1701999000000,0.05707,0.05726,0.05705,0.05718,271512.0,1701999899999,15514.57862,287,132039.0,7546.46009,0
1701999900000,0.0572,0.05726,0.05693,0.05703,734745.0,1702000799999,41926.84919,459,264581.0,15100.39293,0
1702000800000,0.05702,0.05716,0.05694,0.05704,370180.0,1702001699999,21123.48893,353,173308.0,9891.35569,0
1702001700000,0.05703,0.05713,0.05684,0.05708,444870.0,1702002599999,25349.37456,216,199726.0,11389.076,0
1702002600000,0.05704,0.05711,0.05689,0.05698,108987.0,1702003499999,6214.32461,128,27806.0,1585.08524,0
1702003500000,0.05699,0.05728,0.05685,0.05728,218402.0,1702004399999,12468.69132,132,160649.0,9171.47403,0
1702004400000,0.05728,0.05731,0.05701,0.05722,214384.0,1702005299999,12248.33623,165,55474.0,3169.24467,0
1702005300000,0.05726,0.05758,0.05726,0.05744,174837.0,1702006199999,10039.92228,129,125289.0,7192.57472,0
1702006200000,0.0575,0.05786,0.05749,0.05782,273493.0,1702007099999,15788.40469,226,153535.0,8864.12645,0
1702007100000,0.05783,0.05793,0.05774,0.05782,242631.0,1702007999999,14038.42021,185,128319.0,7424.93118,0
1702008000000,0.05782,0.0581,0.05781,0.05807,250462.0,1702008899999,14517.60774,179,128310.0,7440.00402,0
1702008900000,0.05812,0.05827,0.05809,0.05827,192873.0,1702009799999,11216.23366,144,128536.0,7475.36217,0
1702009800000,0.05821,0.05825,0.05783,0.05787,234581.0,1702010699999,13614.15266,140,111906.0,6498.02546,0
1702010700000,0.05787,0.05791,0.05769,0.05772,90512.0,1702011599999,5228.04839,73,34967.0,2020.59385,0
1702011600000,0.05774,0.05785,0.05764,0.05772,77663.0,1702012499999,4481.97714,53,42243.0,2438.13599,0
1702012500000,0.05785,0.05793,0.05771,0.05779,268700.0,1702013399999,15534.35359,130,186225.0,10766.83271,0
1702013400000,0.05777,0.05778,0.05756,0.05767,137778.0,1702014299999,7938.39193,71,15066.0,869.42645,0
1702014300000,0.05769,0.05796,0.05769,0.05791,657844.0,1702015199999,38073.28065,210,567434.0,32843.70672,0
1702015200000,0.05797,0.05824,0.05786,0.05823,242615.0,1702016099999,14087.34909,168,156813.0,9111.12378,0
1702016100000,0.0582,0.05828,0.05811,0.05817,154554.0,1702016999999,8995.91722,150,71404.0,4156.92315,0
1702017000000,0.05815,0.05815,0.05779,0.05783,605501.0,1702017899999,35100.97,274,289918.0,16818.48656,0
1702017900000,0.05786,0.0579,0.05776,0.05785,118879.0,1702018799999,6874.17508,107,62230.0,3598.79694,0
1702018800000,0.05782,0.05784,0.05756,0.05763,296351.0,1702019699999,17094.39714,143,87161.0,5029.96497,0
1702019700000,0.05763,0.05768,0.05706,0.05709,183181.0,1702020599999,10512.15208,160,69814.0,4000.65368,0
1702020600000,0.05709,0.05732,0.05693,0.05718,689755.0,1702021499999,39417.29973,316,413967.0,23670.14099,0
1702021500000,0.05724,0.0574,0.05701,0.05701,490369.0,1702022399999,28042.75447,340,232949.0,13322.71182,0
1702022400000,0.05706,0.05727,0.05694,0.05727,439111.0,1702023299999,25084.34347,346,217400.0,12424.51671,0
1702023300000,0.05726,0.05727,0.05694,0.05714,245253.0,1702024199999,14003.98756,147,124175.0,7093.2243,0
1702024200000,0.0572,0.05733,0.05712,0.05717,183175.0,1702025099999,10479.68983,164,87420.0,5003.2539,0
1702025100000,0.05716,0.05722,0.057,0.05701,333134.0,1702025999999,19023.41036,209,135943.0,7765.96521,0
1702026000000,0.05699,0.05721,0.05696,0.05706,191675.0,1702026899999,10942.35343,147,124229.0,7094.00334,0
1702026900000,0.05711,0.05746,0.05701,0.0574,227629.0,1702027799999,13051.16507,126,113103.0,6487.22464,0
1702027800000,0.05738,0.05753,0.05725,0.05731,194629.0,1702028699999,11174.52281,112,98688.0,5671.08416,0
1702028700000,0.05723,0.05733,0.05692,0.05692,242798.0,1702029599999,13861.94717,141,56020.0,3196.48892,0
1702029600000,0.05695,0.05715,0.05695,0.05715,168027.0,1702030499999,9594.12865,119,100412.0,5733.62862,0
1702030500000,0.05716,0.05724,0.05703,0.05718,246747.0,1702031399999,14095.36351,151,168985.0,9651.85902,0
1702031400000,0.05714,0.05723,0.05694,0.05723,576511.0,1702032299999,32889.39672,177,381920.0,21785.9445,0
1702032300000,0.05724,0.05747,0.05719,0.05741,261320.0,1702033199999,14981.98218,201,151468.0,8689.80539,0
1702033200000,0.05743,0.0576,0.05734,0.0576,384171.0,1702034099999,22063.52485,176,251844.0,14463.79731,0
1702034100000,0.0576,0.05766,0.0575,0.05766,326400.0,1702034999999,18793.15343,153,102624.0,5908.57781,0
1702035000000,0.05764,0.05794,0.05762,0.05793,232673.0,1702035899999,13447.94872,147,141006.0,8151.18666,0
1702035900000,0.05793,0.05793,0.05762,0.05766,395185.0,1702036799999,22839.74222,200,152917.0,8837.032,0
1702036800000,0.05771,0.05784,0.05757,0.05781,664686.0,1702037699999,38383.8449,247,539166.0,31140.06061,0
1702037700000,0.05778,0.05804,0.05773,0.05802,238092.0,1702038599999,13783.92542,168,132094.0,7652.13775,0
1702038600000,0.05806,0.05814,0.05798,0.05812,476111.0,1702039499999,27649.78101,266,252257.0,14653.88163,0
1702039500000,0.05813,0.05821,0.05793,0.05793,289761.0,1702040399999,16837.09878,171,114041.0,6628.26632,0
1702040400000,0.05797,0.05797,0.05756,0.05779,318516.0,1702041299999,18407.14746,249,110966.0,6413.10902,0
1702041300000,0.05776,0.05794,0.05774,0.05793,309169.0,1702042199999,17880.24398,160,169775.0,9819.45707,0
1702042200000,0.05793,0.05793,0.05755,0.05789,497092.0,1702043099999,28705.81829,287,239374.0,13814.85469,0
1702043100000,0.05788,0.05802,0.05776,0.05776,216870.0,1702043999999,12562.08924,240,94569.0,5477.45538,0
1702044000000,0.05781,0.05804,0.05732,0.05749,471673.0,1702044899999,27152.07132,311,129562.0,7475.49285,0
1702044900000,0.0575,0.05777,0.05749,0.05777,160301.0,1702045799999,9232.22603,147,62169.0,3581.80842,0
1702045800000,0.05776,0.05822,0.05773,0.05821,465903.0,1702046699999,27061.0108,357,388328.0,22561.27453,0
1702046700000,0.05816,0.05816,0.05772,0.05785,250697.0,1702047599999,14522.51219,195,44885.0,2599.12556,0
1702047600000,0.05785,0.05816,0.05781,0.05802,246702.0,1702048499999,14316.2174,223,99449.0,5771.3994,0
1702048500000,0.05809,0.05809,0.05772,0.05775,145659.0,1702049399999,8431.52936,126,25435.0,1472.92059,0
1702049400000,0.05774,0.05793,0.05773,0.05792,115695.0,1702050299999,6688.42768,103,78081.0,4514.11644,0
1702050300000,0.05792,0.05795,0.05747,0.05766,250307.0,1702051199999,14430.9317,157,98459.0,5680.09032,0
1702051200000,0.05763,0.05811,0.05763,0.05809,475193.0,1702052099999,27551.29529,339,309586.0,17951.90353,0
1702052100000,0.0581,0.05822,0.05802,0.05804,278671.0,1702052999999,16207.48961,201,79732.0,4636.56918,0
1702053000000,0.05804,0.05822,0.05801,0.05803,193290.0,1702053899999,11230.49678,170,67679.0,3932.67541,0
1702053900000,0.05811,0.05821,0.05779,0.05795,942437.0,1702054799999,54712.52589,596,193585.0,11242.60612,0
1702054800000,0.05797,0.05809,0.05762,0.05762,443442.0,1702055699999,25642.22235,328,234038.0,13524.97918,0
1702055700000,0.05764,0.05795,0.05747,0.05757,311430.0,1702056599999,17971.91679,281,136983.0,7905.54597,0
1702056600000,0.0576,0.05792,0.05745,0.05757,255335.0,1702057499999,14735.28846,167,55906.0,3226.57014,0
1702057500000,0.05765,0.05778,0.05765,0.05765,145261.0,1702058399999,8381.27655,73,100630.0,5805.22423,0
1702058400000,0.05768,0.05802,0.05751,0.05801,493156.0,1702059299999,28515.05345,298,195487.0,11319.29822,0
1702059300000,0.05799,0.05799,0.05773,0.05779,288864.0,1702060199999,16736.23896,129,32508.0,1881.57093,0
1702060200000,0.0579,0.05792,0.05775,0.05781,87928.0,1702061099999,5087.55791,75,49712.0,2876.8151,0
1702061100000,0.05788,0.05799,0.05774,0.05774,307625.0,1702061999999,17819.39824,164,210532.0,12199.6563,0
1702062000000,0.05777,0.05811,0.05777,0.05806,303282.0,1702062899999,17583.65253,182,252283.0,14628.20925,0
1702062900000,0.05807,0.05815,0.05793,0.05796,73110.0,1702063799999,4245.32489,63,20525.0,1192.1828,0
1702063800000,0.05797,0.0583,0.05796,0.0583,460825.0,1702064699999,26825.98168,191,345406.0,20105.54137,0
1702064700000,0.0583,0.05844,0.05827,0.05843,187706.0,1702065599999,10958.13344,147,118355.0,6909.21992,0
1702065600000,0.05843,0.05869,0.05828,0.05859,1288654.0,1702066499999,75389.57982,535,625179.0,36607.23559,0
1702066500000,0.05855,0.05861,0.05843,0.05859,182192.0,1702067399999,10658.86615,138,55619.0,3254.45901,0
1702067400000,0.05861,0.0587,0.05845,0.05867,295976.0,1702068299999,17331.36405,207,81554.0,4775.78164,0
1702068300000,0.05864,0.05876,0.0586,0.05874,148375.0,1702069199999,8710.72442,169,74344.0,4364.435,0
1702069200000,0.05874,0.0589,0.0585,0.05855,200455.0,1702070099999,11773.7529,193,54497.0,3201.98517,0
1702070100000,0.05854,0.05861,0.0583,0.05858,254984.0,1702070999999,14903.07209,244,82568.0,4829.8661,0
1702071000000,0.05855,0.05877,0.05831,0.05845,337695.0,1702071899999,19785.25968,180,220969.0,12947.89338,0
1702071900000,0.05846,0.05889,0.05824,0.05884,564534.0,1702072799999,33129.18266,267,477885.0,28047.46652,0
1702072800000,0.05881,0.05895,0.05874,0.05876,176576.0,1702073699999,10388.44681,164,84838.0,4993.49707,0
1702073700000,0.05883,0.05887,0.05872,0.05879,77941.0,1702074599999,4583.11533,65,37043.0,2178.87757,0
1702074600000,0.05871,0.05873,0.05862,0.05866,46195.0,1702075499999,2710.76902,40,22075.0,1295.72862,0
1702075500000,0.05865,0.05865,0.05854,0.05855,116989.0,1702076399999,6857.29271,75,6039.0,353.89021,0
1702076400000,0.05855,0.05891,0.05855,0.05881,419449.0,1702077299999,24652.88315,239,316522.0,18599.48918,0
1702077300000,0.05885,0.05907,0.05883,0.05902,161059.0,1702078199999,9494.60567,126,97621.0,5755.50189,0
1702078200000,0.05903,0.05916,0.05897,0.05905,390848.0,1702079099999,23102.75608,219,122256.0,7229.46488,0
1702079100000,0.05904,0.05922,0.05899,0.05921,337068.0,1702079999999,19937.70633,94,250783.0,14841.41058,0
1702080000000,0.05922,0.05943,0.0588,0.05916,797993.0,1702080899999,47171.56622,655,174373.0,10324.71288,0
1702080900000,0.05919,0.05971,0.05919,0.05961,1027534.0,1702081799999,61089.66065,369,836280.0,49712.28736,0
1702081800000,0.05961,0.0599,0.05926,0.05979,729728.0,1702082699999,43583.1775,555,360437.0,21554.55827,0
1702082700000,0.05978,0.05989,0.05964,0.05971,498448.0,1702083599999,29796.93978,280,108218.0,6469.0205,0
1702083600000,0.05972,0.05973,0.056,0.05903,3189164.0,1702084499999,186138.48565,1721,962691.0,56655.75509,0
1702084500000,0.05908,0.05961,0.05904,0.05953,475033.0,1702085399999,28268.75008,227,125966.0,7493.45023,0
1702085400000,0.05953,0.05982,0.05949,0.05978,523430.0,1702086299999,31270.88453,220,323986.0,19362.69294,0
1702086300000,0.0598,0.0598,0.05949,0.05955,312835.0,1702087199999,18662.51237,244,124105.0,7411.72187,0
1702087200000,0.05961,0.05967,0.05919,0.0593,985163.0,1702088099999,58480.66683,644,328151.0,19470.8314,0
1702088100000,0.05932,0.05937,0.05917,0.0593,209235.0,1702088999999,12397.25866,230,76861.0,4553.82675,0
1702089000000,0.05929,0.05946,0.05913,0.05922,336764.0,1702089899999,19966.87131,276,133222.0,7899.37735,0
1702089900000,0.05924,0.05949,0.05919,0.05946,208007.0,1702090799999,12343.2684,153,165223.0,9804.53819,0
1702090800000,0.05945,0.05965,0.05941,0.05964,162706.0,1702091699999,9687.85887,82,109891.0,6544.72656,0
1702091700000,0.05967,0.05982,0.05967,0.05978,123313.0,1702092599999,7369.26147,106,82355.0,4921.42097,0
1702092600000,0.05982,0.05986,0.0597,0.05983,305359.0,1702093499999,18255.94809,311,216795.0,12964.53072,0
1702093500000,0.05984,0.05996,0.05976,0.05977,259025.0,1702094399999,15511.13438,239,106271.0,6364.27938,0
1702094400000,0.05988,0.05997,0.05977,0.05977,197449.0,1702095299999,11822.9975,102,93843.0,5620.43748,0
1702095300000,0.05975,0.05999,0.05971,0.05998,151391.0,1702096199999,9071.09715,158,93140.0,5579.50695,0
1702096200000,0.05998,0.05999,0.05988,0.05998,228356.0,1702097099999,13695.25657,277,157339.0,9436.55042,0
1702097100000,0.05998,0.06045,0.05997,0.06034,726421.0,1702097999999,43695.59532,517,557565.0,33513.62218,0
1702098000000,0.06034,0.06044,0.06002,0.06024,297786.0,1702098899999,17920.66743,245,110137.0,6634.63082,0
1702098900000,0.06026,0.06028,0.0598,0.05998,741860.0,1702099799999,44545.51528,389,161978.0,9722.00669,0
1702099800000,0.06,0.06009,0.05985,0.06,146815.0,1702100699999,8806.57754,213,68430.0,4104.09739,0
1702100700000,0.06,0.06,0.05977,0.05994,373734.0,1702101599999,22371.37185,326,152576.0,9134.05806,0
1702101600000,0.05996,0.06014,0.05996,0.06012,100245.0,1702102499999,6021.02326,114,22632.0,1358.54893,0
1702102500000,0.06011,0.06042,0.06009,0.06038,151664.0,1702103399999,9148.39451,124,91242.0,5501.71977,0
1702103400000,0.06038,0.06049,0.06024,0.06031,332362.0,1702104299999,20066.13935,297,183315.0,11070.83001,0
1702104300000,0.06032,0.06042,0.06005,0.06005,422269.0,1702105199999,25441.7514,349,195152.0,11766.21031,0
1702105200000,0.06006,0.06039,0.05996,0.06039,415313.0,1702106099999,24939.09096,235,186739.0,11221.03948,0
1702106100000,0.06038,0.06038,0.0601,0.06027,155417.0,1702106999999,9355.0953,163,56326.0,3389.56356,0
1702107000000,0.06023,0.06033,0.06006,0.06033,112726.0,1702107899999,6779.83071,120,13985.0,841.69025,0
1702107900000,0.06033,0.06085,0.0603,0.06063,553098.0,1702108799999,33534.45692,304,377819.0,22896.34574,0
1702108800000,0.06059,0.06093,0.06044,0.0605,671146.0,1702109699999,40718.14662,443,415644.0,25225.51299,0
1702109700000,0.06053,0.0607,0.06041,0.06049,268234.0,1702110599999,16245.05096,320,138393.0,8380.92059,0
1702110600000,0.06048,0.06048,0.05826,0.05879,2302188.0,1702111499999,136381.17193,1756,883724.0,52201.97436,0
1702111500000,0.05877,0.05967,0.05877,0.05927,529189.0,1702112399999,31371.37586,658,281955.0,16704.76279,0
1702112400000,0.05945,0.05967,0.0592,0.05965,376697.0,1702113299999,22401.58845,312,157871.0,9397.22417,0
1702113300000,0.05951,0.06024,0.05951,0.06023,386745.0,1702114199999,23206.24584,364,262819.0,15766.8188,0
1702114200000,0.06017,0.06019,0.05932,0.05932,229050.0,1702115099999,13689.73072,214,31511.0,1882.43896,0
1702115100000,0.05933,0.0598,0.05931,0.05971,581924.0,1702115999999,34697.60944,362,438987.0,26186.06763,0
1702116000000,0.05976,0.06008,0.05971,0.05995,283624.0,1702116899999,16990.25744,227,179508.0,10749.05069,0
1702116900000,0.05992,0.05993,0.0595,0.0595,678797.0,1702117799999,40463.30242,328,411190.0,24502.79206,0
1702117800000,0.05949,0.05966,0.05934,0.05943,1250119.0,1702118699999,74367.25192,536,811280.0,48263.59169,0
1702118700000,0.05945,0.05947,0.05899,0.05916,3500321.0,1702119599999,207099.53273,1242,2096214.0,123993.25068,0
1702119600000,0.05919,0.05926,0.05899,0.05904,1610202.0,1702120499999,95207.45054,688,1131520.0,66909.99879,0
1702120500000,0.05903,0.05911,0.05874,0.05878,392497.0,1702121399999,23138.07544,236,173217.0,10208.92186,0
1702121400000,0.05877,0.05892,0.05826,0.05857,897704.0,1702122299999,52697.50978,655,243942.0,14335.20595,0
1702122300000,0.05858,0.059,0.05853,0.05897,410326.0,1702123199999,24156.80032,262,364398.0,21456.40722,0
1702123200000,0.05899,0.05911,0.05886,0.05902,1168028.0,1702124099999,68912.23211,323,1022976.0,60354.87221,0
1702124100000,0.05904,0.05915,0.05863,0.05881,541938.0,1702124999999,31877.17765,420,288474.0,16971.55661,0
1702125000000,0.05875,0.05907,0.0586,0.05888,814940.0,1702125899999,47962.30614,417,400850.0,23598.81507,0
1702125900000,0.05887,0.05912,0.05882,0.05898,565950.0,1702126799999,33390.78088,261,255842.0,15093.37112,0
1702126800000,0.05899,0.05927,0.05897,0.05917,368260.0,1702127699999,21786.58291,336,276531.0,16363.57419,0
1702127700000,0.05913,0.05917,0.05898,0.05898,479352.0,1702128599999,28312.15635,260,140107.0,8278.07779,0
1702128600000,0.05898,0.05917,0.05886,0.05889,437198.0,1702129499999,25808.7451,208,209233.0,12361.13645,0
1702129500000,0.05895,0.05931,0.05895,0.05929,206323.0,1702130399999,12219.35106,133,156733.0,9282.18807,0
1702130400000,0.05926,0.05947,0.05916,0.0594,396251.0,1702131299999,23521.59435,196,305938.0,18164.66999,0
1702131300000,0.0594,0.0595,0.05935,0.05948,154839.0,1702132199999,9201.00696,176,85084.0,5057.21605,0
1702132200000,0.05942,0.05942,0.058,0.05852,688699.0,1702133099999,40393.11637,729,281669.0,16520.66711,0
1702133100000,0.05851,0.05902,0.05817,0.0589,1110085.0,1702133999999,65045.81047,926,847768.0,49701.13364,0
1702134000000,0.05889,0.05949,0.05883,0.05888,734875.0,1702134899999,43489.36611,686,455660.0,26972.10257,0
1702134900000,0.05893,0.05894,0.05833,0.05845,656030.0,1702135799999,38417.80617,404,269929.0,15806.09636,0
1702135800000,0.05844,0.05902,0.05842,0.05898,165946.0,1702136699999,9746.46522,164,143488.0,8428.49222,0
1702136700000,0.05899,0.05951,0.05899,0.05922,307610.0,1702137599999,18236.71355,246,211496.0,12533.12732,0
1702137600000,0.05928,0.05944,0.05918,0.05927,214624.0,1702138499999,12730.08183,280,149531.0,8871.90763,0
1702138500000,0.05928,0.05941,0.05851,0.05883,447896.0,1702139399999,26376.2679,650,291609.0,17178.61621,0
1702139400000,0.05877,0.05915,0.05852,0.05903,358662.0,1702140299999,21136.83244,467,232098.0,13683.42434,0
1702140300000,0.05908,0.05932,0.05884,0.05889,157025.0,1702141199999,9272.80035,160,80741.0,4769.75273,0
1702141200000,0.0589,0.05903,0.05803,0.05833,675473.0,1702142099999,39503.60059,570,321483.0,18823.32623,0
1702142100000,0.05843,0.05877,0.05843,0.05866,224233.0,1702142999999,13136.55258,223,139553.0,8176.06721,0
1702143000000,0.05858,0.05925,0.05858,0.05892,197861.0,1702143899999,11668.12012,276,123695.0,7291.65739,0
1702143900000,0.05892,0.05932,0.05869,0.05869,890677.0,1702144799999,52630.56857,290,814944.0,48170.94686,0
1702144800000,0.05865,0.05911,0.0586,0.05884,161853.0,1702145699999,9527.83386,171,86315.0,5083.95732,0
1702145700000,0.05887,0.05942,0.05884,0.05925,428890.0,1702146599999,25387.55274,238,331475.0,19614.61241,0
1702146600000,0.05928,0.05966,0.05928,0.05966,147045.0,1702147499999,8751.07729,161,81809.0,4867.10833,0
1702147500000,0.05963,0.05978,0.05946,0.05954,361482.0,1702148399999,21546.67088,256,137283.0,8189.38871,0
1702148400000,0.05958,0.05998,0.05952,0.05984,193277.0,1702149299999,11548.81568,147,141300.0,8441.78817,0
1702149300000,0.05985,0.05995,0.0597,0.05989,99107.0,1702150199999,5929.42604,89,20706.0,1238.18461,0
1702150200000,0.05981,0.05998,0.05981,0.05994,172189.0,1702151099999,10314.87447,141,131379.0,7870.91017,0
1702151100000,0.0599,0.05993,0.0595,0.0596,318536.0,1702151999999,19015.91558,223,60806.0,3635.82973,0
1702152000000,0.05963,0.05977,0.05947,0.05947,133608.0,1702152899999,7967.85119,85,35358.0,2109.4854,0
1702152900000,0.05948,0.05966,0.05922,0.05925,219699.0,1702153799999,13051.76052,215,83233.0,4949.97907,0
1702153800000,0.05927,0.05954,0.05914,0.0595,58945.0,1702154699999,3494.36368,88,37090.0,2199.13956,0
1702154700000,0.05947,0.05947,0.05934,0.05942,42774.0,1702155599999,2540.62524,77,29467.0,1750.49121,0
1702155600000,0.05941,0.05944,0.05888,0.05899,281324.0,1702156499999,16628.29784,255,108480.0,6414.8602,0
1702156500000,0.05902,0.05916,0.05894,0.05903,67470.0,1702157399999,3985.53856,71,49383.0,2917.89298,0
1702157400000,0.05908,0.05955,0.05903,0.05955,202766.0,1702158299999,12050.08709,80,196087.0,11654.24373,0
1702158300000,0.05954,0.05964,0.05938,0.05949,95190.0,1702159199999,5666.13047,83,66925.0,3983.72447,0
1702159200000,0.05947,0.05958,0.05936,0.05952,72617.0,1702160099999,4314.71938,63,21088.0,1253.91967,0
1702160100000,0.05953,0.05956,0.05933,0.05934,67301.0,1702160999999,3997.50073,39,51907.0,3083.11388,0
1702161000000,0.05933,0.05933,0.05902,0.05903,261098.0,1702161899999,15457.49261,124,6051.0,358.51548,0
1702161900000,0.05905,0.05909,0.05865,0.05875,136845.0,1702162799999,8058.8344,133,62632.0,3688.7437,0
1702162800000,0.05875,0.0589,0.05873,0.05882,95967.0,1702163699999,5642.92462,64,60628.0,3564.36892,0
1702163700000,0.0588,0.05889,0.05809,0.05811,590477.0,1702164599999,34510.90862,269,224383.0,13139.00685,0
1702164600000,0.05816,0.0582,0.05742,0.05783,1179088.0,1702165499999,68086.39521,943,387075.0,22349.6628,0
1702165500000,0.05791,0.05796,0.05768,0.05778,295628.0,1702166399999,17089.61746,111,123055.0,7113.22777,0
1702166400000,0.05783,0.0582,0.05773,0.05792,466960.0,1702167299999,27084.1528,216,145100.0,8411.21247,0
1702167300000,0.05792,0.05821,0.0579,0.05816,145018.0,1702168199999,8427.41709,82,128403.0,7460.75093,0
1702168200000,0.05818,0.05844,0.05818,0.05832,172059.0,1702169099999,10038.43007,113,89092.0,5199.26677,0
1702169100000,0.05835,0.05847,0.05821,0.0584,75123.0,1702169999999,4383.46121,62,52401.0,3057.03055,0
1702170000000,0.05846,0.05846,0.05837,0.05837,98067.0,1702170899999,5727.53752,59,10290.0,601.30682,0
1702170900000,0.05835,0.05855,0.05816,0.05855,219047.0,1702171799999,12794.14108,72,134993.0,7887.02233,0
1702171800000,0.05856,0.05861,0.05834,0.05839,106988.0,1702172699999,6254.01857,123,36450.0,2131.19938,0
1702172700000,0.05845,0.05849,0.0583,0.05832,82399.0,1702173599999,4809.88861,116,39475.0,2305.56321,0
1702173600000,0.05842,0.05846,0.05818,0.05818,109272.0,1702174499999,6377.86125,113,27913.0,1629.24585,0
1702174500000,0.05815,0.05848,0.05801,0.05845,110458.0,1702175399999,6441.27948,112,44784.0,2613.23907,0
1702175400000,0.05841,0.059,0.05841,0.05881,401353.0,1702176299999,23589.58322,222,263229.0,15452.24975,0
1702176300000,0.05882,0.05882,0.05841,0.05846,124127.0,1702177199999,7281.7237,78,20279.0,1186.85047,0
1702177200000,0.05846,0.05884,0.05846,0.05871,229651.0,1702178099999,13483.42827,118,166141.0,9754.34056,0
1702178100000,0.05867,0.05868,0.05847,0.05852,165815.0,1702178999999,9710.99778,201,73087.0,4281.71985,0
1702179000000,0.05855,0.05884,0.05852,0.05875,380775.0,1702179899999,22352.22875,234,296877.0,17427.25114,0
1702179900000,0.05877,0.0589,0.0587,0.05889,70060.0,1702180799999,4119.68469,58,25905.0,1524.59709,0
1702180800000,0.05889,0.05893,0.05874,0.05886,126968.0,1702181699999,7468.32305,100,43091.0,2536.07764,0
1702181700000,0.05883,0.05913,0.05882,0.05913,78294.0,1702182599999,4620.50244,78,57363.0,3388.16673,0
1702182600000,0.05914,0.05994,0.05913,0.05989,795180.0,1702183499999,47407.9786,641,546897.0,32584.71882,0
1702183500000,0.05979,0.05995,0.05962,0.05966,220664.0,1702184399999,13204.63818,131,111594.0,6682.33735,0
1702184400000,0.05968,0.05974,0.05931,0.0594,186591.0,1702185299999,11117.46373,156,50835.0,3031.39248,0
1702185300000,0.05939,0.05951,0.05939,0.05947,45185.0,1702186199999,2687.00809,40,39660.0,2358.54717,0
1702186200000,0.0595,0.05958,0.05944,0.05944,112134.0,1702187099999,6674.72855,52,74425.0,4431.68506,0
1702187100000,0.05944,0.05945,0.05928,0.05934,86051.0,1702187999999,5107.05235,76,39532.0,2346.09852,0
1702188000000,0.05941,0.05949,0.0592,0.05924,163209.0,1702188899999,9676.58463,107,62463.0,3703.75693,0
1702188900000,0.05923,0.05926,0.05908,0.05917,401111.0,1702189799999,23736.17619,162,289063.0,17106.18215,0
1702189800000,0.05911,0.05913,0.05898,0.05909,80895.0,1702190699999,4777.65711,103,33230.0,1961.79601,0
1702190700000,0.05918,0.05922,0.05893,0.05903,91827.0,1702191599999,5417.53855,89,63174.0,3727.23246,0
1702191600000,0.05904,0.05908,0.0588,0.05883,165274.0,1702192499999,9732.01784,128,53218.0,3134.4077,0
1702192500000,0.05879,0.05881,0.0584,0.05856,377483.0,1702193399999,22112.56952,240,213621.0,12510.28035,0
1702193400000,0.05862,0.05868,0.05813,0.05842,343461.0,1702194299999,20031.25979,200,82721.0,4823.85823,0
1702194300000,0.05841,0.05899,0.05839,0.05899,381821.0,1702195199999,22429.84218,255,335027.0,19681.66073,0
1702195200000,0.05892,0.05913,0.05873,0.05884,442680.0,1702196099999,26083.85465,296,236019.0,13913.33893,0
1702196100000,0.05887,0.05904,0.05851,0.05859,307029.0,1702196999999,18057.52472,224,152041.0,8939.63653,0
1702197000000,0.05859,0.05874,0.058,0.05851,945604.0,1702197899999,55314.79775,567,537847.0,31497.66111,0
1702197900000,0.05851,0.05861,0.05806,0.05815,842223.0,1702198799999,49146.48089,492,157558.0,9196.51686,0
1702198800000,0.05816,0.05836,0.05779,0.05784,772885.0,1702199699999,44885.79745,407,96600.0,5619.14411,0
1702199700000,0.05784,0.05802,0.05738,0.05746,992023.0,1702200599999,57215.39072,560,338263.0,19494.2307,0
1702200600000,0.05745,0.05745,0.05678,0.05684,1523849.0,1702201499999,86951.42157,896,275564.0,15749.19394,0
1702201500000,0.0569,0.05707,0.0563,0.05631,2003707.0,1702202399999,113528.87654,954,448258.0,25445.08027,0
1702202400000,0.0563,0.05678,0.0563,0.05671,550335.0,1702203299999,31135.79873,494,372580.0,21084.37675,0
1702203300000,0.05674,0.05769,0.0567,0.0571,2494696.0,1702204199999,142766.22685,647,1981382.0,113508.60724,0
1702204200000,0.05709,0.05709,0.05684,0.05698,249079.0,1702205099999,14192.82969,197,112119.0,6389.21438,0
1702205100000,0.05697,0.05754,0.05681,0.05748,824233.0,1702205999999,47163.26654,523,639086.0,36572.76578,0
1702206000000,0.05753,0.05758,0.05743,0.05747,330682.0,1702206899999,19013.65883,248,71241.0,4097.11451,0
1702206900000,0.05742,0.05752,0.05735,0.0574,142546.0,1702207799999,8186.07317,100,79811.0,4583.38306,0
1702207800000,0.05739,0.05739,0.05724,0.0573,129341.0,1702208699999,7412.73965,102,40734.0,2334.72149,0
1702208700000,0.05724,0.05725,0.05699,0.05703,613291.0,1702209599999,35009.42353,309,191613.0,10941.68306,0
1702209600000,0.05705,0.05734,0.05704,0.05731,214324.0,1702210499999,12260.77864,170,113804.0,6508.98368,0
1702210500000,0.05733,0.05763,0.05733,0.05752,268518.0,1702211399999,15450.69387,153,162710.0,9357.35541,0
1702211400000,0.0576,0.0576,0.05731,0.05744,175688.0,1702212299999,10082.45402,122,94348.0,5414.25629,0
1702212300000,0.05748,0.0578,0.05747,0.0578,129660.0,1702213199999,7474.08713,112,99481.0,5736.31238,0
1702213200000,0.0578,0.0578,0.05745,0.05757,175753.0,1702214099999,10124.1726,118,54819.0,3157.42855,0
1702214100000,0.05758,0.05763,0.05726,0.05732,138223.0,1702214999999,7946.17972,83,84334.0,4853.15738,0
1702215000000,0.05737,0.05741,0.05723,0.05741,35871.0,1702215899999,2055.41775,47,22810.0,1307.39171,0
1702215900000,0.05745,0.05758,0.05732,0.05739,150080.0,1702216799999,8619.53533,100,36281.0,2084.57244,0
1702216800000,0.05737,0.05768,0.05735,0.05762,109361.0,1702217699999,6287.70248,86,80161.0,4609.69665,0
1702217700000,0.05761,0.05762,0.0572,0.05727,189513.0,1702218599999,10875.8587,115,30884.0,1769.16568,0
1702218600000,0.05724,0.05724,0.05709,0.0572,75565.0,1702219499999,4318.78536,41,33844.0,1934.38133,0
1702219500000,0.05727,0.05782,0.05723,0.05762,1495298.0,1702220399999,86322.45333,558,954579.0,55093.82777,0
1702220400000,0.05757,0.05785,0.05748,0.05785,267513.0,1702221299999,15438.87866,201,131948.0,7618.12374,0
1702221300000,0.05785,0.05801,0.05779,0.05801,252592.0,1702222199999,14622.16435,226,112805.0,6532.54315,0
1702222200000,0.05801,0.05823,0.05793,0.05817,593636.0,1702223099999,34492.21503,426,261230.0,15180.19416,0
1702223100000,0.05819,0.05819,0.05796,0.05803,155210.0,1702223999999,9015.15527,118,89037.0,5171.03974,0
1702224000000,0.05803,0.0581,0.05785,0.05801,97243.0,1702224899999,5638.36489,125,34905.0,2024.07464,0
1702224900000,0.05801,0.05804,0.05784,0.05791,94540.0,1702225799999,5479.53162,147,56225.0,3259.73741,0
1702225800000,0.05794,0.05818,0.05787,0.05792,321566.0,1702226699999,18651.34003,275,171034.0,9920.47919,0
1702226700000,0.05794,0.05813,0.05786,0.05812,377280.0,1702227599999,21897.34683,230,283429.0,16453.70015,0
1702227600000,0.05815,0.05838,0.05809,0.05829,521671.0,1702228499999,30373.69052,443,250425.0,14587.52999,0
1702228500000,0.05828,0.0584,0.05797,0.05811,348835.0,1702229399999,20292.94082,365,116350.0,6775.85174,0
1702229400000,0.05813,0.0582,0.05742,0.05765,709928.0,1702230299999,40993.59932,314,107584.0,6231.10239,0
1702230300000,0.05763,0.05798,0.05759,0.05794,188900.0,1702231199999,10916.08759,149,117959.0,6822.46034,0
1702231200000,0.05798,0.05819,0.05792,0.05808,146182.0,1702232099999,8485.85263,205,80360.0,4663.66372,0
1702232100000,0.05809,0.05851,0.05806,0.05849,579765.0,1702232999999,33877.36699,157,495456.0,28958.73667,0
1702233000000,0.0585,0.05858,0.05834,0.05849,146295.0,1702233899999,8553.42876,206,62782.0,3672.62221,0
1702233900000,0.0585,0.05857,0.05829,0.05844,132130.0,1702234799999,7720.55506,159,47930.0,2800.3189,0
1702234800000,0.05848,0.05848,0.0583,0.05838,88184.0,1702235699999,5148.12463,71,9975.0,582.49596,0
1702235700000,0.05843,0.05848,0.05827,0.05838,98801.0,1702236599999,5765.14068,97,44839.0,2617.41829,0
1702236600000,0.05837,0.05837,0.0578,0.05791,2172206.0,1702237499999,126018.39611,660,649891.0,37704.50973,0
1702237500000,0.05792,0.05813,0.05777,0.05813,250677.0,1702238399999,14508.39696,144,48745.0,2825.25649,0
1702238400000,0.05815,0.05836,0.05808,0.0583,239012.0,1702239299999,13924.31223,130,117179.0,6823.94342,0
1702239300000,0.05831,0.05847,0.05819,0.05836,205616.0,1702240199999,11986.77729,94,53281.0,3105.38653,0
1702240200000,0.05833,0.05869,0.05827,0.05866,207586.0,1702241099999,12146.86266,111,104102.0,6095.52032,0
1702241100000,0.05861,0.05886,0.0586,0.05883,107988.0,1702241999999,6346.66785,138,70286.0,4131.94506,0
1702242000000,0.05884,0.05884,0.05855,0.05858,143700.0,1702242899999,8428.23249,91,26132.0,1533.12334,0
1702242900000,0.05855,0.05868,0.05827,0.05836,320054.0,1702243799999,18726.34735,175,71906.0,4212.50574,0
1702243800000,0.05839,0.05845,0.05827,0.05831,213117.0,1702244699999,12429.39343,107,53940.0,3148.40321,0
1702244700000,0.05831,0.05849,0.05821,0.05822,133836.0,1702245599999,7808.25358,122,60508.0,3533.37758,0
1702245600000,0.0582,0.05854,0.05811,0.05854,126441.0,1702246499999,7375.15182,98,89721.0,5237.14611,0
1702246500000,0.05846,0.05861,0.05846,0.05861,26374.0,1702247399999,1543.65675,29,18531.0,1085.09759,0
1702247400000,0.05865,0.05865,0.05837,0.05847,192599.0,1702248299999,11258.87711,73,42550.0,2487.54769,0
1702248300000,0.05846,0.0585,0.05837,0.0585,68132.0,1702249199999,3980.73388,52,41835.0,2444.81283,0
1702249200000,0.05854,0.05864,0.05828,0.05828,135948.0,1702250099999,7954.6958,84,40139.0,2351.00336,0
1702250100000,0.05828,0.05828,0.0579,0.05816,296984.0,1702250999999,17249.13895,192,161863.0,9399.7545,0
1702251000000,0.05814,0.05834,0.05808,0.05829,117123.0,1702251899999,6815.338,100,77970.0,4539.28075,0
1702251900000,0.05822,0.05837,0.05814,0.05829,59948.0,1702252799999,3492.13262,44,18890.0,1101.20056,0
1702252800000,0.05834,0.05857,0.0582,0.0582,194002.0,1702253699999,11325.74671,174,72717.0,4245.53635,0
1702253700000,0.05822,0.05839,0.05814,0.05823,122383.0,1702254599999,7131.92844,141,40747.0,2374.1131,0
1702254600000,0.05825,0.05851,0.05813,0.05815,136290.0,1702255499999,7953.12619,105,67733.0,3953.53403,0
1702255500000,0.05813,0.05823,0.05778,0.05778,232457.0,1702256399999,13488.35018,201,117777.0,6838.56468,0
1702256400000,0.05776,0.05776,0.05675,0.05726,922621.0,1702257299999,52754.06802,769,411568.0,23523.33882,0
1702257300000,0.05728,0.05761,0.0572,0.0575,277955.0,1702258199999,15952.47664,216,214391.0,12306.41521,0
1702258200000,0.05746,0.05768,0.05735,0.05764,120422.0,1702259099999,6931.60448,109,43051.0,2479.61728,0
1702259100000,0.05768,0.05793,0.05768,0.05784,98052.0,1702259999999,5666.14148,137,58505.0,3380.16589,0
1702260000000,0.0578,0.0578,0.05002,0.05263,5824281.0,1702260899999,310386.92685,2676,1849949.0,96711.25502,0
1702260900000,0.05263,0.05393,0.0525,0.05365,4409651.0,1702261799999,235349.60933,3988,1151930.0,61493.30285,0
1702261800000,0.05367,0.05414,0.05265,0.053,3379080.0,1702262699999,180720.26845,3469,900703.0,48226.5819,0
1702262700000,0.05303,0.05359,0.05249,0.05349,1696305.0,1702263599999,89833.63987,1796,664622.0,35217.81221,0
1702263600000,0.05342,0.05432,0.0534,0.0543,890380.0,1702264499999,47966.33711,598,527652.0,28371.2201,0
1702264500000,0.05429,0.05435,0.05394,0.0543,1123748.0,1702265399999,60791.23709,651,357828.0,19389.96374,0
1702265400000,0.05429,0.05471,0.05412,0.0546,616849.0,1702266299999,33578.49337,409,374942.0,20393.17608,0
1702266300000,0.05457,0.05458,0.05423,0.05423,386574.0,1702267199999,21035.74417,258,193550.0,10526.92056,0
1702267200000,0.0542,0.05429,0.05398,0.05401,337829.0,1702268099999,18269.203,292,66113.0,3578.77247,0
1702268100000,0.05409,0.05459,0.0539,0.05413,1767515.0,1702268999999,95966.66844,533,1450651.0,78826.22362,0
1702269000000,0.05415,0.05443,0.05366,0.05403,1128625.0,1702269899999,60909.25607,612,682432.0,36863.68933,0
1702269900000,0.05407,0.05438,0.05394,0.05426,650342.0,1702270799999,35232.47708,314,140956.0,7640.24474,0
1702270800000,0.05421,0.05457,0.0541,0.05454,499142.0,1702271699999,27109.28981,228,275751.0,14988.50446,0
1702271700000,0.05454,0.05476,0.05389,0.0541,391896.0,1702272599999,21322.06924,274,85693.0,4666.93226,0
1702272600000,0.05411,0.05425,0.05385,0.05395,580199.0,1702273499999,31338.17521,426,336585.0,18178.75708,0
1702273500000,0.05395,0.0544,0.05374,0.05437,427049.0,1702274399999,23090.35652,318,198616.0,10748.34274,0
1702274400000,0.05429,0.05429,0.05277,0.05391,1940612.0,1702275299999,104446.75945,878,676954.0,36543.09301,0
1702275300000,0.05385,0.054,0.05326,0.05349,504052.0,1702276199999,26987.44709,327,269066.0,14411.57737,0
1702276200000,0.05347,0.05352,0.0529,0.05337,876127.0,1702277099999,46576.04444,464,246924.0,13146.61909,0
1702277100000,0.05337,0.05378,0.05307,0.05367,536015.0,1702277999999,28625.67432,296,320381.0,17118.87225,0
1702278000000,0.05368,0.05408,0.05361,0.05394,374037.0,1702278899999,20179.02786,232,189329.0,10213.47198,0
1702278900000,0.05395,0.05406,0.05358,0.0536,282718.0,1702279799999,15193.67162,203,107042.0,5751.67007,0
1702279800000,0.05359,0.05367,0.05339,0.05341,200603.0,1702280699999,10734.79974,162,119939.0,6418.94159,0
1702280700000,0.05338,0.0536,0.05304,0.05304,427533.0,1702281599999,22772.03977,183,213468.0,11381.04529,0
1702281600000,0.05304,0.0532,0.05263,0.0528,1577223.0,1702282499999,83422.89413,967,652058.0,34506.61112,0
1702282500000,0.05281,0.05287,0.0522,0.05247,2384531.0,1702283399999,125132.77908,1958,842981.0,44242.36354,0
1702283400000,0.05248,0.05272,0.05233,0.05272,1135644.0,1702284299999,59672.01938,937,464763.0,24435.41058,0
1702284300000,0.05272,0.0532,0.05272,0.05305,806444.0,1702285199999,42771.4069,634,637508.0,33818.14078,0
1702285200000,0.05305,0.05317,0.05273,0.0531,674434.0,1702286099999,35682.52152,530,319787.0,16923.62826,0
1702286100000,0.05311,0.05331,0.05307,0.0531,460957.0,1702286999999,24517.52849,326,256153.0,13626.73397,0
1702287000000,0.05309,0.05325,0.05292,0.05316,860250.0,1702287899999,45653.77954,565,509226.0,27028.2378,0
1702287900000,0.05323,0.05329,0.05287,0.05315,708123.0,1702288799999,37567.89741,506,400260.0,21247.72557,0
1702288800000,0.05311,0.05336,0.05308,0.05324,601946.0,1702289699999,32030.3234,386,288747.0,15367.09992,0
1702289700000,0.05322,0.05323,0.05302,0.05322,367619.0,1702290599999,19544.02105,223,172642.0,9176.96723,0
1702290600000,0.05322,0.05335,0.05319,0.0533,460259.0,1702291499999,24521.70316,219,247949.0,13208.26283,0
1702291500000,0.05328,0.05357,0.05328,0.05351,535716.0,1702292399999,28634.26887,324,324022.0,17319.97273,0
1702292400000,0.0535,0.05397,0.0535,0.05393,518308.0,1702293299999,27822.13824,319,396368.0,21275.80836,0
1702293300000,0.05394,0.0542,0.05365,0.05381,992169.0,1702294199999,53540.76967,693,625810.0,33789.77156,0
1702294200000,0.05388,0.054,0.05362,0.05391,468073.0,1702295099999,25199.42022,305,289529.0,15586.02969,0
1702295100000,0.05388,0.05411,0.05378,0.0541,361865.0,1702295999999,19515.98384,329,168355.0,9085.74796,0
1702296000000,0.05405,0.0541,0.05385,0.05408,505038.0,1702296899999,27265.05119,317,132715.0,7163.41109,0
1702296900000,0.05405,0.05419,0.05393,0.05403,312155.0,1702297799999,16880.69652,228,219100.0,11849.74891,0
1702297800000,0.05403,0.05415,0.05365,0.0537,649558.0,1702298699999,35048.58766,324,334416.0,18063.58812,0
1702298700000,0.0537,0.0539,0.05359,0.05369,190226.0,1702299599999,10235.25708,184,109524.0,5894.33337,0
1702299600000,0.05363,0.05382,0.05358,0.05381,296257.0,1702300499999,15920.44324,247,180068.0,9679.3069,0
1702300500000,0.05376,0.05377,0.0533,0.05338,438593.0,1702301399999,23498.72587,366,175254.0,9394.86828,0
1702301400000,0.05337,0.05352,0.05304,0.05312,427582.0,1702302299999,22762.36037,333,311375.0,16578.4756,0
1702302300000,0.05311,0.05345,0.05259,0.05319,1002756.0,1702303199999,53157.04119,471,316263.0,16786.68805,0
1702303200000,0.05317,0.05358,0.05314,0.05327,348296.0,1702304099999,18575.95151,337,205360.0,10956.37242,0
1702304100000,0.05322,0.05334,0.0526,0.05295,1175415.0,1702304999999,62319.39598,611,364809.0,19346.99723,0
1702305000000,0.0529,0.05323,0.05271,0.05292,649918.0,1702305899999,34443.27324,689,381616.0,20228.75432,0
1702305900000,0.05299,0.05347,0.05289,0.05293,645470.0,1702306799999,34354.74902,521,384749.0,20502.60663,0
1702306800000,0.05293,0.05361,0.05274,0.05361,1038848.0,1702307699999,55267.14518,611,632719.0,33678.60721,0
1702307700000,0.05361,0.0537,0.05321,0.05327,388883.0,1702308599999,20826.35093,248,159040.0,8517.13798,0
1702308600000,0.05332,0.05339,0.05311,0.05311,247766.0,1702309499999,13189.55264,211,138694.0,7381.98963,0
1702309500000,0.05311,0.05346,0.05282,0.05335,685786.0,1702310399999,36484.82605,304,440203.0,23428.12525,0
1702310400000,0.05334,0.05338,0.05269,0.05295,587577.0,1702311299999,31159.4037,364,325595.0,17271.68231,0
1702311300000,0.05296,0.05328,0.05272,0.05325,925403.0,1702312199999,49051.52511,458,627112.0,33250.98597,0
1702312200000,0.05325,0.05347,0.05293,0.0534,480532.0,1702313099999,25597.00482,350,353001.0,18807.65381,0
1702313100000,0.05337,0.05349,0.05313,0.05349,191869.0,1702313999999,10218.87179,149,76065.0,4055.33307,0
1702314000000,0.05348,0.05348,0.05305,0.05314,284932.0,1702314899999,15173.12916,224,136371.0,7264.08048,0
1702314900000,0.05312,0.05314,0.05267,0.05285,188064.0,1702315799999,9943.97825,149,75699.0,3998.36702,0
1702315800000,0.05279,0.0528,0.05249,0.05266,198625.0,1702316699999,10449.96865,213,104436.0,5495.11791,0
1702316700000,0.05265,0.05276,0.05234,0.05246,145228.0,1702317599999,7620.69016,148,51623.0,2711.77736,0
1702317600000,0.05234,0.05247,0.05174,0.05185,1165815.0,1702318499999,60750.50366,759,475612.0,24790.54873,0
1702318500000,0.05188,0.05222,0.05116,0.05136,2082696.0,1702319399999,107542.02101,1099,973480.0,50276.8983,0
1702319400000,0.05141,0.05185,0.05101,0.05155,681045.0,1702320299999,35039.74475,404,278226.0,14303.18128,0
1702320300000,0.05159,0.05205,0.05147,0.05201,257393.0,1702321199999,13346.77044,190,130439.0,6775.64488,0
1702321200000,0.05195,0.05203,0.05164,0.05164,173932.0,1702322099999,9008.45041,136,79044.0,4098.45354,0
1702322100000,0.05172,0.05178,0.05127,0.0514,374070.0,1702322999999,19249.4922,210,127404.0,6552.82957,0
1702323000000,0.05144,0.05157,0.05101,0.05148,380333.0,1702323899999,19536.49411,230,248703.0,12786.94845,0
1702323900000,0.05154,0.05192,0.05143,0.05192,518159.0,1702324799999,26792.23484,217,366881.0,18968.56688,0
1702324800000,0.05185,0.05191,0.05157,0.05175,230464.0,1702325699999,11917.30423,160,79699.0,4121.6867,0
1702325700000,0.05172,0.05177,0.05146,0.05177,351180.0,1702326599999,18147.12657,141,322517.0,16668.60428,0
1702326600000,0.05177,0.05179,0.05148,0.05169,87621.0,1702327499999,4524.60146,69,40406.0,2086.53782,0
1702327500000,0.0517,0.052,0.05163,0.05195,303569.0,1702328399999,15762.91072,130,232732.0,12089.24283,0
1702328400000,0.05201,0.05219,0.05185,0.05206,731731.0,1702329299999,38045.27239,297,197479.0,10286.06239,0
1702329300000,0.05207,0.0523,0.052,0.0522,225435.0,1702330199999,11761.94794,103,113284.0,5909.23829,0
1702330200000,0.05223,0.05239,0.05214,0.05238,85131.0,1702331099999,4448.51105,69,39195.0,2048.4145,0
1702331100000,0.0524,0.0526,0.0524,0.05255,272574.0,1702331999999,14314.12822,130,204568.0,10743.45783,0
1702332000000,0.05256,0.05266,0.05237,0.05242,56336.0,1702332899999,2959.29008,48,14424.0,757.9206,0
1702332900000,0.05244,0.05268,0.05244,0.05258,22296.0,1702333799999,1172.39723,27,13742.0,722.68137,0
1702333800000,0.05261,0.0528,0.05256,0.05276,168748.0,1702334699999,8894.71892,86,140080.0,7385.44235,0
1702334700000,0.05276,0.0529,0.05266,0.05266,160640.0,1702335599999,8478.95761,106,94056.0,4968.6115,0
1702335600000,0.0527,0.0527,0.05242,0.05243,97160.0,1702336499999,5106.08396,68,30572.0,1608.60867,0
1702336500000,0.05251,0.05271,0.05251,0.05263,10886.0,1702337399999,572.5212,14,8445.0,444.23917,0
1702337400000,0.05266,0.05281,0.05266,0.05281,32276.0,1702338299999,1702.46923,42,27506.0,1450.99793,0
1702338300000,0.05284,0.05287,0.05271,0.05282,62740.0,1702339199999,3313.71987,45,36723.0,1939.64579,0
1702339200000,0.05285,0.05304,0.05281,0.05292,274511.0,1702340099999,14530.82038,135,207319.0,10977.27297,0
1702340100000,0.05295,0.05348,0.05295,0.05348,288952.0,1702340999999,15387.78948,164,166324.0,8857.39632,0
1702341000000,0.05349,0.05374,0.0534,0.05365,478508.0,1702341899999,25607.18212,224,176016.0,9433.6945,0
1702341900000,0.05365,0.0538,0.05365,0.05366,237639.0,1702342799999,12762.41103,97,84518.0,4540.84409,0
1702342800000,0.05357,0.05366,0.05342,0.0536,294270.0,1702343699999,15749.00089,188,87280.0,4671.24917,0
1702343700000,0.05363,0.05371,0.05339,0.05361,539487.0,1702344599999,28863.25445,194,56578.0,3031.51209,0
1702344600000,0.05365,0.05376,0.05356,0.05362,138670.0,1702345499999,7435.58523,119,54422.0,2920.03964,0
1702345500000,0.05362,0.05367,0.05342,0.05354,128051.0,1702346399999,6857.69151,85,20626.0,1104.52988,0
1702346400000,0.05366,0.05378,0.05356,0.05377,129738.0,1702347299999,6963.91535,69,44892.0,2410.38089,0
1702347300000,0.0538,0.05409,0.0538,0.05398,286050.0,1702348199999,15431.8634,142,137327.0,7405.20022,0
1702348200000,0.054,0.05425,0.05382,0.05413,424198.0,1702349099999,22942.49829,198,283090.0,15327.14434,0
1702349100000,0.05413,0.05423,0.0541,0.05422,160482.0,1702349999999,8693.43811,81,51860.0,2810.23353,0
1702350000000,0.05419,0.05426,0.05406,0.05422,103914.0,1702350899999,5629.70843,62,83614.0,4530.70903,0
1702350900000,0.05421,0.05426,0.05394,0.05404,174414.0,1702351799999,9424.48378,70,31258.0,1691.57057,0
1702351800000,0.05403,0.05403,0.05376,0.05378,436677.0,1702352699999,23514.39185,161,236033.0,12698.73843,0
1702352700000,0.05382,0.05382,0.05356,0.05377,113087.0,1702353599999,6070.66165,72,34084.0,1832.62316,0
1702353600000,0.05372,0.05398,0.05371,0.05374,203035.0,1702354499999,10928.67857,136,126803.0,6829.77521,0
1702354500000,0.05374,0.05374,0.05338,0.0535,217214.0,1702355399999,11634.64862,96,98223.0,5251.80604,0
1702355400000,0.0535,0.05353,0.05317,0.05317,265091.0,1702356299999,14142.19043,120,118894.0,6344.87149,0
1702356300000,0.05321,0.0534,0.053,0.05308,407598.0,1702357199999,21668.91496,250,132077.0,7040.14757,0
1702357200000,0.05309,0.05343,0.05308,0.05335,287289.0,1702358099999,15309.48926,137,82664.0,4406.26722,0
1702358100000,0.05343,0.05375,0.05342,0.05371,80748.0,1702358999999,4328.77847,76,61981.0,3323.23763,0
1702359000000,0.05366,0.05373,0.0536,0.05368,131341.0,1702359899999,7050.58403,65,55950.0,3003.58516,0
1702359900000,0.05367,0.05371,0.05351,0.05352,93126.0,1702360799999,4991.68329,72,31218.0,1675.13998,0
1702360800000,0.05354,0.05361,0.05319,0.05344,547181.0,1702361699999,29241.04364,178,376039.0,20114.50457,0
1702361700000,0.05343,0.05345,0.05297,0.05303,437648.0,1702362599999,23337.45935,234,259499.0,13839.71216,0
1702362600000,0.05298,0.05338,0.05298,0.05328,325564.0,1702363499999,17323.89213,175,66791.0,3553.40499,0
1702363500000,0.05331,0.05363,0.05331,0.05351,409151.0,1702364399999,21898.34772,172,220469.0,11801.17269,0
1702364400000,0.05355,0.05386,0.05355,0.05376,324526.0,1702365299999,17438.74656,169,235315.0,12646.35194,0
1702365300000,0.05369,0.05405,0.05348,0.05389,962827.0,1702366199999,51784.94423,667,534065.0,28741.30267,0
1702366200000,0.05389,0.0539,0.05363,0.05385,187262.0,1702367099999,10070.96491,137,80597.0,4335.23256,0
1702367100000,0.05391,0.05414,0.0539,0.05409,236181.0,1702367999999,12764.1722,173,95680.0,5168.9004,0
1702368000000,0.05409,0.05413,0.05364,0.05364,318118.0,1702368899999,17106.25567,140,80777.0,4342.6819,0
1702368900000,0.05366,0.05386,0.0536,0.05365,444139.0,1702369799999,23869.54935,178,138644.0,7454.35859,0
1702369800000,0.05373,0.05382,0.0536,0.05375,163188.0,1702370699999,8761.07558,94,105756.0,5679.02023,0
1702370700000,0.05385,0.05412,0.05384,0.05401,203739.0,1702371599999,11006.93045,148,102833.0,5555.35162,0
1702371600000,0.05398,0.054,0.05354,0.05358,176171.0,1702372499999,9462.60403,94,78719.0,4227.32618,0
1702372500000,0.05367,0.05381,0.05358,0.05373,132837.0,1702373399999,7133.09627,106,59364.0,3188.43024,0
1702373400000,0.05377,0.05382,0.05347,0.05353,286960.0,1702374299999,15392.58088,158,144889.0,7771.67472,0
1702374300000,0.05354,0.05374,0.05354,0.05364,143355.0,1702375199999,7689.75068,128,18099.0,971.12615,0
1702375200000,0.05367,0.05382,0.05362,0.05376,103694.0,1702376099999,5567.54517,80,27719.0,1488.90686,0
1702376100000,0.05371,0.05379,0.05361,0.05375,68165.0,1702376999999,3661.09966,55,31071.0,1669.5308,0
1702377000000,0.0537,0.05382,0.05364,0.05365,310806.0,1702377899999,16702.24566,112,268356.0,14423.24863,0
1702377900000,0.05366,0.05378,0.05365,0.05375,80719.0,1702378799999,4336.40851,69,32289.0,1735.16862,0
1702378800000,0.05376,0.05379,0.05346,0.05346,325052.0,1702379699999,17401.04428,161,21676.0,1163.71823,0
1702379700000,0.05351,0.05365,0.05345,0.05357,63837.0,1702380599999,3421.03384,64,32189.0,1724.49825,0
1702380600000,0.05354,0.05358,0.0533,0.05335,172699.0,1702381499999,9223.23165,125,100560.0,5371.57575,0
1702381500000,0.05334,0.05345,0.05279,0.05301,1166424.0,1702382399999,62034.24103,485,290932.0,15489.06074,0
1702382400000,0.05302,0.05319,0.05268,0.05283,982651.0,1702383299999,52024.22787,444,438352.0,23254.27676,0
1702383300000,0.05288,0.05335,0.05288,0.05316,501123.0,1702384199999,26654.72638,221,233817.0,12434.98372,0
1702384200000,0.05316,0.0533,0.05301,0.05324,484187.0,1702385099999,25716.93159,243,110957.0,5898.34546,0
1702385100000,0.05326,0.05339,0.05326,0.05326,266362.0,1702385999999,14202.64803,130,100317.0,5347.8869,0
1702386000000,0.05326,0.05347,0.05323,0.05327,285827.0,1702386899999,15257.00632,88,34898.0,1863.58786,0
1702386900000,0.05324,0.05324,0.05282,0.05307,315418.0,1702387799999,16714.28395,161,75316.0,3985.91229,0
1702387800000,0.05295,0.05388,0.05292,0.05368,1226402.0,1702388699999,65514.5994,650,648107.0,34663.36542,0
1702388700000,0.0537,0.0538,0.05346,0.05351,420230.0,1702389599999,22527.63478,231,83131.0,4455.27697,0
1702389600000,0.05351,0.05375,0.05333,0.05333,480580.0,1702390499999,25728.39435,294,240026.0,12872.51611,0
1702390500000,0.05344,0.05358,0.05339,0.05341,68499.0,1702391399999,3662.45553,73,42314.0,2262.86531,0
1702391400000,0.05342,0.05355,0.05325,0.05326,344704.0,1702392299999,18405.65398,177,47150.0,2518.37279,0
1702392300000,0.05326,0.05331,0.05277,0.05314,475011.0,1702393199999,25221.18135,275,238874.0,12677.367,0
1702393200000,0.05305,0.05318,0.05278,0.05294,572394.0,1702394099999,30333.71393,192,287743.0,15260.23719,0
1702394100000,0.0529,0.0529,0.0519,0.05206,698043.0,1702394999999,36528.80509,475,334965.0,17531.85532,0
1702395000000,0.05196,0.05268,0.05191,0.05262,133731.0,1702395899999,7008.45568,98,99795.0,5235.81837,0
1702395900000,0.0527,0.05275,0.05229,0.0524,170339.0,1702396799999,8941.57954,113,28266.0,1485.74357,0
1702396800000,0.05239,0.0526,0.0521,0.05212,42217.0,1702397699999,2214.13422,25,4952.0,259.57793,0
1702397700000,0.05219,0.0523,0.0519,0.05226,302532.0,1702398599999,15775.44485,139,64942.0,3385.11896,0
1702398600000,0.05224,0.05251,0.05207,0.05216,179603.0,1702399499999,9386.81927,59,13189.0,688.71107,0
1702399500000,0.05225,0.05231,0.05205,0.05228,71538.0,1702400399999,3736.54938,44,56302.0,2942.03229,0
1702400400000,0.05225,0.05225,0.05177,0.0519,216529.0,1702401299999,11256.85561,186,67655.0,3516.4486,0
1702401300000,0.05185,0.05199,0.05143,0.05153,288693.0,1702402199999,14906.74697,177,119216.0,6156.6899,0
1702402200000,0.05158,0.05162,0.0511,0.05114,1227428.0,1702403099999,62970.91506,716,153345.0,7872.25592,0
1702403100000,0.05118,0.0513,0.05104,0.05109,642233.0,1702403999999,32831.50828,226,362858.0,18545.59614,0
1702404000000,0.05112,0.05197,0.05104,0.05197,482593.0,1702404899999,24961.77011,187,330489.0,17114.65579,0
1702404900000,0.05199,0.05238,0.05199,0.05232,295988.0,1702405799999,15420.11274,120,138159.0,7200.64252,0
1702405800000,0.05237,0.05237,0.05206,0.05217,159011.0,1702406699999,8304.74525,89,33565.0,1752.05247,0
1702406700000,0.05219,0.05264,0.05219,0.05223,1099583.0,1702407599999,57717.77033,202,976070.0,51256.44346,0
1702407600000,0.05224,0.05233,0.05215,0.0522,116647.0,1702408499999,6091.46666,73,60478.0,3160.42072,0
1702408500000,0.05217,0.05219,0.05158,0.0516,566856.0,1702409399999,29392.71314,173,68638.0,3559.58509,0
1702409400000,0.05166,0.05201,0.05166,0.05197,44763.0,1702410299999,2324.45111,47,39143.0,2032.47993,0
1702410300000,0.0519,0.05209,0.05177,0.05191,65746.0,1702411199999,3411.60929,28,48708.0,2528.28279,0
1702411200000,0.05197,0.05218,0.05177,0.05177,395893.0,1702412099999,20613.82748,171,266033.0,13866.28987,0
1702412100000,0.05178,0.05178,0.0513,0.05152,400315.0,1702412999999,20609.03348,159,68787.0,3540.80183,0
1702413000000,0.05146,0.0517,0.05131,0.05143,164093.0,1702413899999,8445.66343,134,83446.0,4294.24022,0
1702413900000,0.0515,0.05175,0.05147,0.05169,82590.0,1702414799999,4261.58441,79,28557.0,1473.08092,0
1702414800000,0.05167,0.05197,0.05164,0.05189,127305.0,1702415699999,6602.10952,53,52562.0,2725.11904,0
1702415700000,0.05186,0.05194,0.05182,0.05187,25892.0,1702416599999,1343.16769,24,12543.0,650.73647,0
1702416600000,0.05183,0.05184,0.05156,0.05156,186309.0,1702417499999,9636.47531,82,41877.0,2169.15034,0
1702417500000,0.05164,0.05164,0.05105,0.05106,495201.0,1702418399999,25361.59535,220,161598.0,8276.47668,0
1702418400000,0.05106,0.05143,0.05104,0.05143,197487.0,1702419299999,10108.10054,110,140205.0,7175.46982,0
1702419300000,0.05141,0.05141,0.05122,0.0514,103751.0,1702420199999,5325.00903,52,37793.0,1940.85884,0
1702420200000,0.05131,0.05162,0.05131,0.05135,144977.0,1702421099999,7457.07204,82,84927.0,4368.74004,0
1702421100000,0.05135,0.05161,0.05125,0.05147,91035.0,1702421999999,4684.79293,54,76746.0,3950.96703,0
1702422000000,0.05145,0.05178,0.05142,0.05176,416936.0,1702422899999,21487.96633,91,171989.0,8863.57296,0
1702422900000,0.05175,0.05227,0.05175,0.0522,414494.0,1702423799999,21541.32916,162,313765.0,16301.05467,0
1702423800000,0.05222,0.05232,0.05211,0.0523,106849.0,1702424699999,5579.68082,62,50945.0,2662.67617,0
1702424700000,0.05231,0.05236,0.05211,0.05218,150783.0,1702425599999,7876.89533,68,85676.0,4479.27206,0
1702425600000,0.05223,0.05226,0.05195,0.05208,171659.0,1702426499999,8937.22495,90,80499.0,4193.91656,0
1702426500000,0.05215,0.05215,0.05177,0.05195,116174.0,1702427399999,6031.25267,65,41732.0,2166.43152,0
1702427400000,0.05196,0.05206,0.0519,0.05198,340977.0,1702428299999,17721.10243,130,85378.0,4437.99719,0
1702428300000,0.05198,0.05205,0.05176,0.05185,967679.0,1702429199999,50196.11298,268,265967.0,13801.79258,0
1702429200000,0.05184,0.05197,0.05176,0.0518,230637.0,1702430099999,11968.31708,170,71976.0,3734.93972,0
1702430100000,0.05172,0.05172,0.05078,0.0509,654444.0,1702430999999,33444.36912,407,211246.0,10801.11734,0
1702431000000,0.05091,0.05137,0.05089,0.05106,233489.0,1702431899999,11946.1303,236,164461.0,8414.94685,0
1702431900000,0.05115,0.05115,0.05053,0.05053,442068.0,1702432799999,22465.66815,312,194490.0,9898.32358,0
1702432800000,0.0506,0.05094,0.05011,0.05043,888474.0,1702433699999,44863.26353,533,341217.0,17275.77126,0
1702433700000,0.0505,0.05068,0.04973,0.05029,1913173.0,1702434599999,95854.98101,1161,855862.0,42857.92889,0
1702434600000,0.0503,0.05049,0.05009,0.05049,199434.0,1702435499999,10028.72154,224,73488.0,3698.22407,0
1702435500000,0.05049,0.05053,0.05014,0.05053,429233.0,1702436399999,21575.54763,217,85221.0,4291.56543,0
1702436400000,0.0505,0.05075,0.05023,0.05056,398541.0,1702437299999,20103.41576,195,157646.0,7976.21523,0
1702437300000,0.05056,0.05061,0.05019,0.05045,122767.0,1702438199999,6190.89852,121,63860.0,3223.08595,0
1702438200000,0.0504,0.05062,0.0503,0.05032,108587.0,1702439099999,5478.99431,161,55161.0,2784.813,0
1702439100000,0.05033,0.05038,0.04981,0.04996,403679.0,1702439999999,20193.98147,250,99118.0,4960.13101,0
1702440000000,0.04997,0.05008,0.04954,0.04971,1229493.0,1702440899999,61281.79569,663,628810.0,31349.16438,0
1702440900000,0.04967,0.05012,0.04955,0.05012,453500.0,1702441799999,22592.32725,245,286536.0,14274.53582,0
1702441800000,0.05011,0.05035,0.0501,0.05023,321215.0,1702442699999,16139.55606,255,252362.0,12679.51734,0
1702442700000,0.05029,0.05042,0.0502,0.05042,106159.0,1702443599999,5341.87373,132,66699.0,3357.86751,0
1702443600000,0.05042,0.05044,0.05009,0.05016,225638.0,1702444499999,11344.68278,166,85672.0,4308.55953,0
1702444500000,0.05016,0.05044,0.05009,0.05039,324086.0,1702445399999,16294.96722,200,227368.0,11435.32866,0
1702445400000,0.05042,0.05045,0.05015,0.05028,654673.0,1702446299999,32901.18532,303,64174.0,3228.88418,0
1702446300000,0.05025,0.05052,0.05017,0.0505,647723.0,1702447199999,32593.11315,380,387748.0,19520.11999,0
1702447200000,0.05051,0.05067,0.05047,0.05063,166310.0,1702448099999,8410.50199,155,132730.0,6713.68884,0
1702448100000,0.05061,0.05083,0.05048,0.0506,602846.0,1702448999999,30557.92893,348,429204.0,21764.98189,0
1702449000000,0.05061,0.05066,0.05015,0.05015,388117.0,1702449899999,19615.32055,310,273237.0,13816.9316,0
1702449900000,0.05015,0.05018,0.04945,0.04953,685854.0,1702450799999,34157.11058,451,198279.0,9871.00822,0
1702450800000,0.04951,0.05021,0.04923,0.0501,620528.0,1702451699999,30814.26555,530,381968.0,18972.26516,0
1702451700000,0.0501,0.05034,0.04997,0.05024,379707.0,1702452599999,19069.46536,285,287109.0,14422.20258,0
1702452600000,0.05025,0.05045,0.05006,0.05034,653191.0,1702453499999,32826.68463,405,342963.0,17257.71398,0
1702453500000,0.05034,0.0504,0.05001,0.05005,132605.0,1702454399999,6657.08352,109,79934.0,4012.37238,0
1702454400000,0.05006,0.05049,0.05005,0.05042,109973.0,1702455299999,5525.42389,94,74814.0,3758.37571,0
1702455300000,0.0504,0.05043,0.05033,0.05039,43533.0,1702456199999,2193.40179,41,19234.0,969.12328,0
1702456200000,0.05047,0.05058,0.05041,0.05046,203374.0,1702457099999,10261.59332,114,59837.0,3020.11188,0
1702457100000,0.05041,0.05053,0.05037,0.05044,133946.0,1702457999999,6756.61125,162,82936.0,4184.52653,0
1702458000000,0.05045,0.05045,0.05018,0.05027,299177.0,1702458899999,15044.77033,201,46072.0,2316.98075,0
1702458900000,0.05025,0.05035,0.05012,0.05033,168346.0,1702459799999,8459.12501,111,146245.0,7349.6004,0
1702459800000,0.05031,0.05033,0.05003,0.05015,107890.0,1702460699999,5417.28234,88,43503.0,2186.34012,0
1702460700000,0.05021,0.05029,0.0501,0.05021,95074.0,1702461599999,4768.65603,86,57603.0,2889.34391,0
1702461600000,0.05021,0.05021,0.0501,0.05015,54799.0,1702462499999,2748.16627,65,33244.0,1667.09851,0
1702462500000,0.05016,0.0502,0.04974,0.04976,318022.0,1702463399999,15870.11712,196,131241.0,6542.53927,0
1702463400000,0.04975,0.04985,0.04966,0.04966,148895.0,1702464299999,7407.55275,188,70893.0,3528.75673,0
1702464300000,0.04969,0.04984,0.0496,0.04983,140114.0,1702465199999,6963.47788,116,61931.0,3078.50403,0
1702465200000,0.04984,0.05001,0.04979,0.04995,243220.0,1702466099999,12151.34896,130,182424.0,9115.12776,0
1702466100000,0.05002,0.05009,0.0499,0.04999,116687.0,1702466999999,5830.9206,81,62958.0,3147.17443,0
1702467000000,0.05,0.05,0.04969,0.04974,190646.0,1702467899999,9492.95749,96,89778.0,4465.70409,0
1702467900000,0.04975,0.04982,0.04939,0.04953,484703.0,1702468799999,24037.68987,252,192595.0,9557.0305,0
1702468800000,0.04955,0.04973,0.04941,0.04973,457679.0,1702469699999,22691.62886,219,201426.0,9987.80267,0
1702469700000,0.04976,0.05021,0.04976,0.05012,580460.0,1702470599999,29034.53729,359,465249.0,23285.32976,0
1702470600000,0.05016,0.05033,0.04998,0.05016,409879.0,1702471499999,20567.31339,234,255459.0,12812.46721,0
1702471500000,0.05015,0.05032,0.05007,0.05031,197746.0,1702472399999,9928.04708,155,111496.0,5598.33306,0
1702472400000,0.05025,0.05051,0.05014,0.05051,701615.0,1702473299999,35332.45238,266,498550.0,25115.52742,0
1702473300000,0.05051,0.05081,0.05042,0.05081,174803.0,1702474199999,8842.45302,160,100311.0,5078.73881,0
1702474200000,0.05082,0.05098,0.05073,0.05095,262782.0,1702475099999,13366.00445,227,74004.0,3764.34486,0
1702475100000,0.05096,0.05105,0.05076,0.05092,170418.0,1702475999999,8677.30539,168,79671.0,4058.18804,0
1702476000000,0.05092,0.05094,0.05051,0.05067,675239.0,1702476899999,34239.44604,198,83980.0,4261.43395,0
1702476900000,0.05069,0.05091,0.05059,0.05068,289763.0,1702477799999,14713.88854,185,116862.0,5936.56776,0
1702477800000,0.05073,0.05079,0.05055,0.05079,384203.0,1702478699999,19465.25148,149,140600.0,7125.47984,0
1702478700000,0.05079,0.05088,0.05064,0.05075,70145.0,1702479599999,3558.70816,53,16141.0,819.33429,0
1702479600000,0.05072,0.05139,0.0507,0.05133,512981.0,1702480499999,26158.56863,257,222035.0,11327.40611,0
1702480500000,0.05138,0.05162,0.0513,0.05139,301746.0,1702481399999,15529.44507,230,172316.0,8870.55953,0
1702481400000,0.05148,0.0517,0.05138,0.05163,293607.0,1702482299999,15129.68389,161,82817.0,4272.69038,0
1702482300000,0.05158,0.05159,0.05141,0.05144,187596.0,1702483199999,9662.08478,133,46106.0,2376.57578,0
1702483200000,0.05148,0.05185,0.05136,0.05167,455294.0,1702484099999,23492.61551,261,360301.0,18594.29296,0
1702484100000,0.05167,0.05169,0.0512,0.05139,167402.0,1702484999999,8621.39831,128,52548.0,2708.94584,0
1702485000000,0.05139,0.05144,0.05088,0.05088,107911.0,1702485899999,5515.33014,110,48538.0,2484.33441,0
1702485900000,0.051,0.05121,0.051,0.05105,398906.0,1702486799999,20404.26349,107,34429.0,1758.89692,0
1702486800000,0.05101,0.05112,0.05088,0.05112,168506.0,1702487699999,8589.35374,106,41829.0,2133.71601,0
1702487700000,0.05112,0.05143,0.05107,0.05119,344635.0,1702488599999,17654.25614,138,66211.0,3392.70681,0
1702488600000,0.05122,0.05124,0.0506,0.05094,946714.0,1702489499999,48197.21977,268,147878.0,7536.72353,0
1702489500000,0.05093,0.0511,0.05089,0.0511,149208.0,1702490399999,7606.8837,93,39802.0,2030.0695,0
1702490400000,0.0511,0.05127,0.05107,0.05123,190208.0,1702491299999,9728.42705,106,109748.0,5614.2936,0
1702491300000,0.05121,0.05122,0.05102,0.05102,40881.0,1702492199999,2089.69457,37,16030.0,819.49248,0
1702492200000,0.05109,0.05135,0.05109,0.05135,319532.0,1702493099999,16354.79679,121,273513.0,13998.11414,0
1702493100000,0.05136,0.05143,0.05131,0.05132,140539.0,1702493999999,7218.22789,73,94784.0,4869.02326,0
1702494000000,0.05139,0.0519,0.05138,0.0519,162001.0,1702494899999,8365.93424,90,140470.0,7252.73851,0
1702494900000,0.05186,0.05192,0.05158,0.05189,240544.0,1702495799999,12461.57674,119,167920.0,8701.61374,0
1702495800000,0.05183,0.05233,0.05173,0.05224,351328.0,1702496699999,18283.47356,272,213730.0,11120.75138,0
1702496700000,0.05227,0.05255,0.05227,0.0525,255052.0,1702497599999,13367.3167,162,137382.0,7202.55503,0
1702497600000,0.0525,0.05255,0.05226,0.05227,147018.0,1702498499999,7706.83444,115,82579.0,4330.80137,0
1702498500000,0.05225,0.05246,0.05218,0.05235,149318.0,1702499399999,7814.65746,81,63118.0,3305.80535,0
1702499400000,0.05236,0.05263,0.05235,0.05258,196562.0,1702500299999,10329.57997,110,137470.0,7226.42437,0
1702500300000,0.05258,0.05276,0.05257,0.05271,147883.0,1702501199999,7790.82167,114,83156.0,4381.29941,0
1702501200000,0.05274,0.05282,0.05252,0.05268,298028.0,1702502099999,15707.15615,168,173498.0,9146.16745,0
1702502100000,0.05275,0.05299,0.05212,0.05253,1566221.0,1702502999999,82352.76231,436,865697.0,45652.71821,0
1702503000000,0.05259,0.05274,0.05253,0.05258,695334.0,1702503899999,36600.63304,210,223694.0,11775.10248,0
1702503900000,0.0526,0.05314,0.0526,0.05295,523942.0,1702504799999,27668.03567,293,365016.0,19255.99677,0
1702504800000,0.05305,0.05337,0.05303,0.05332,144091.0,1702505699999,7661.95163,108,102073.0,5426.59991,0
1702505700000,0.0533,0.05337,0.05285,0.05285,1115116.0,1702506599999,59148.63791,318,261763.0,13904.30351,0
1702506600000,0.05293,0.05297,0.05253,0.05254,542770.0,1702507499999,28645.42509,174,79583.0,4201.99675,0
1702507500000,0.05258,0.05272,0.05242,0.05248,712737.0,1702508399999,37459.83667,298,194547.0,10232.41319,0
1702508400000,0.05252,0.05272,0.05252,0.05268,89715.0,1702509299999,4723.23118,49,53768.0,2830.39845,0
1702509300000,0.05269,0.05271,0.05242,0.05258,63853.0,1702510199999,3353.71573,42,41740.0,2191.29053,0
1702510200000,0.05257,0.05257,0.05217,0.05217,377591.0,1702511099999,19744.69213,167,153412.0,8018.81554,0
1702511100000,0.05213,0.05248,0.05212,0.05237,114512.0,1702511999999,5982.14823,71,92469.0,4831.08411,0
1702512000000,0.05237,0.05255,0.05235,0.05249,100182.0,1702512899999,5254.72119,68,55312.0,2901.01721,0
1702512900000,0.0525,0.0525,0.05214,0.05226,130386.0,1702513799999,6820.31759,66,62889.0,3288.63119,0
1702513800000,0.05232,0.05248,0.05219,0.05229,238054.0,1702514699999,12475.64637,123,40740.0,2131.5475,0
1702514700000,0.05223,0.0527,0.05222,0.0527,363470.0,1702515599999,19095.38623,161,198760.0,10441.01232,0
1702515600000,0.05271,0.053,0.05266,0.053,411685.0,1702516499999,21741.67488,218,200893.0,10616.78512,0
1702516500000,0.05297,0.05298,0.05262,0.05284,425126.0,1702517399999,22436.91967,204,173109.0,9140.51575,0
1702517400000,0.05288,0.05305,0.05276,0.05289,366397.0,1702518299999,19398.21104,178,240607.0,12744.04005,0
1702518300000,0.05293,0.05302,0.05288,0.05293,194008.0,1702519199999,10269.3964,109,76534.0,4052.37125,0
1702519200000,0.05292,0.05292,0.05268,0.05273,125775.0,1702520099999,6640.35437,79,20064.0,1058.8326,0
1702520100000,0.0527,0.05276,0.05257,0.05264,155224.0,1702520999999,8170.02722,94,95371.0,5020.97203,0
1702521000000,0.05268,0.0529,0.05255,0.0527,141640.0,1702521899999,7474.16917,107,70078.0,3698.66185,0
1702521900000,0.05273,0.05291,0.05258,0.05267,519234.0,1702522799999,27367.30625,304,223016.0,11755.80015,0
1702522800000,0.05267,0.0527,0.05258,0.05261,322761.0,1702523699999,17003.16991,132,170684.0,8994.09935,0
1702523700000,0.05252,0.05253,0.05185,0.05217,2261004.0,1702524599999,117910.28331,436,1479736.0,77119.54861,0
1702524600000,0.05218,0.05227,0.05208,0.05224,141586.0,1702525499999,7392.92074,149,16617.0,867.77661,0
1702525500000,0.05224,0.05236,0.05221,0.0523,111449.0,1702526399999,5829.38116,128,20559.0,1075.04875,0
1702526400000,0.05234,0.05248,0.05229,0.05248,226453.0,1702527299999,11859.00649,115,107635.0,5639.21591,0
1702527300000,0.0525,0.0525,0.05238,0.05247,325859.0,1702528199999,17094.63655,179,183244.0,9617.21498,0
1702528200000,0.05247,0.05247,0.0522,0.0523,93123.0,1702529099999,4875.62665,131,32262.0,1690.66946,0
1702529100000,0.0523,0.05231,0.05206,0.05206,113387.0,1702529999999,5911.7057,134,13846.0,723.20075,0
1702530000000,0.0521,0.0524,0.05207,0.05237,71524.0,1702530899999,3734.70186,60,61367.0,3203.96216,0
1702530900000,0.05237,0.05264,0.05226,0.05264,464502.0,1702531799999,24327.39631,198,241635.0,12660.40052,0
1702531800000,0.05264,0.05268,0.05247,0.05248,116226.0,1702532699999,6113.43515,95,41908.0,2205.95944,0
1702532700000,0.05248,0.05267,0.05245,0.05267,78404.0,1702533599999,4120.39096,83,62653.0,3293.28413,0
1702533600000,0.05264,0.05278,0.05256,0.05277,244276.0,1702534499999,12871.79441,77,204104.0,10756.51748,0
1702534500000,0.05279,0.05296,0.05277,0.05296,42129.0,1702535399999,2224.93748,50,21017.0,1110.13071,0
1702535400000,0.05295,0.05298,0.05262,0.05262,109040.0,1702536299999,5758.26677,158,28331.0,1495.66924,0
1702536300000,0.05262,0.05269,0.05252,0.05263,110056.0,1702537199999,5790.85536,106,39320.0,2070.41251,0
1702537200000,0.05268,0.05276,0.05238,0.05242,272673.0,1702538099999,14311.84535,74,58256.0,3061.3601,0
1702538100000,0.0524,0.0524,0.05226,0.05237,97714.0,1702538999999,5112.14716,67,41778.0,2185.51633,0
1702539000000,0.05235,0.05245,0.05229,0.0523,169517.0,1702539899999,8876.43373,77,63817.0,3342.58444,0
1702539900000,0.05232,0.05242,0.05214,0.05242,378408.0,1702540799999,19796.02765,156,192439.0,10073.01037,0
1702540800000,0.05237,0.05251,0.05214,0.05237,340398.0,1702541699999,17814.00099,276,192419.0,10080.11848,0
1702541700000,0.05237,0.0525,0.05236,0.05247,112323.0,1702542599999,5887.91865,132,52319.0,2743.92854,0
1702542600000,0.05248,0.0525,0.05234,0.05234,68352.0,1702543499999,3583.73709,74,27848.0,1460.02164,0
1702543500000,0.05235,0.05236,0.05171,0.05191,619809.0,1702544399999,32184.36854,407,165509.0,8595.32042,0
1702544400000,0.05188,0.05205,0.05178,0.05188,196723.0,1702545299999,10213.97004,156,91349.0,4745.12399,0
1702545300000,0.05187,0.05189,0.05172,0.05177,195693.0,1702546199999,10133.53992,128,109641.0,5678.06147,0
1702546200000,0.05177,0.0521,0.05172,0.05209,739286.0,1702547099999,38338.18912,353,344233.0,17868.44602,0
1702547100000,0.0521,0.05216,0.05194,0.05213,262785.0,1702547999999,13669.06965,145,186920.0,9722.5922,0
1702548000000,0.05213,0.05213,0.0517,0.05184,753633.0,1702548899999,39088.93965,296,73038.0,3793.04326,0
1702548900000,0.05185,0.05207,0.0518,0.05203,270808.0,1702549799999,14055.76428,161,139428.0,7243.58744,0
1702549800000,0.05206,0.05207,0.05188,0.05203,201970.0,1702550699999,10502.72835,145,130992.0,6815.11177,0
1702550700000,0.05202,0.05221,0.05201,0.05221,89964.0,1702551599999,4689.0182,78,35909.0,1871.196,0
1702551600000,0.05216,0.05224,0.052,0.05205,250907.0,1702552499999,13070.34236,150,56111.0,2923.2144,0
1702552500000,0.0521,0.05218,0.05202,0.05209,355655.0,1702553399999,18537.17676,242,265400.0,13834.67571,0
1702553400000,0.05204,0.05232,0.052,0.05222,242476.0,1702554299999,12642.45217,106,124169.0,6483.44958,0
1702554300000,0.05222,0.05258,0.05222,0.05258,424973.0,1702555199999,22277.9296,184,171111.0,8979.66078,0
1702555200000,0.05257,0.05261,0.05222,0.05226,408733.0,1702556099999,21432.83052,124,105910.0,5560.39896,0
1702556100000,0.05221,0.05232,0.05187,0.05196,538599.0,1702556999999,28026.85657,226,119086.0,6201.57375,0
1702557000000,0.0521,0.05218,0.05208,0.05212,118581.0,1702557899999,6182.71301,82,42370.0,2209.43371,0
1702557900000,0.05213,0.05225,0.05197,0.05202,143833.0,1702558799999,7489.70526,84,62758.0,3268.32494,0
1702558800000,0.052,0.05204,0.05109,0.05109,1552022.0,1702559699999,79994.3108,604,463075.0,23901.61622,0
1702559700000,0.05108,0.05144,0.05041,0.05058,3121174.0,1702560599999,159186.94615,1419,1041145.0,53114.61403,0
1702560600000,0.05054,0.05074,0.0492,0.05068,2770741.0,1702561499999,138801.42117,1879,1456964.0,73019.20948,0
1702561500000,0.0507,0.05112,0.05052,0.05109,433626.0,1702562399999,22014.21969,332,207052.0,10524.91953,0
1702562400000,0.05106,0.05114,0.05043,0.05051,743752.0,1702563299999,37724.02114,391,366683.0,18570.25844,0
1702563300000,0.0505,0.05113,0.0504,0.051,737438.0,1702564199999,37519.1713,304,359422.0,18308.67534,0
1702564200000,0.05104,0.05119,0.0507,0.05076,1075562.0,1702565099999,54908.17336,354,535870.0,27347.49808,0
1702565100000,0.05073,0.05092,0.05065,0.05084,233308.0,1702565999999,11855.71712,136,116128.0,5902.22846,0
1702566000000,0.05084,0.05097,0.05071,0.05071,358070.0,1702566899999,18186.03297,166,75152.0,3817.60303,0
1702566900000,0.05072,0.05085,0.05065,0.05074,760129.0,1702567799999,38572.75767,230,431984.0,21923.2981,0
1702567800000,0.05083,0.05096,0.05073,0.05088,392769.0,1702568699999,19973.69192,190,142660.0,7254.47359,0
1702568700000,0.05094,0.05105,0.05085,0.05096,107387.0,1702569599999,5473.80972,127,61893.0,3154.38257,0
1702569600000,0.05096,0.05152,0.05096,0.05128,805185.0,1702570499999,41252.05124,290,388873.0,19906.41634,0
1702570500000,0.05128,0.05145,0.05116,0.05124,305096.0,1702571399999,15643.25935,181,108471.0,5562.0037,0
1702571400000,0.05121,0.05141,0.0511,0.05135,125773.0,1702572299999,6441.93901,100,33829.0,1733.48039,0
1702572300000,0.05129,0.05143,0.05126,0.0513,66046.0,1702573199999,3392.33692,57,42198.0,2168.67689,0
1702573200000,0.05129,0.05154,0.05129,0.05148,624174.0,1702574099999,32113.7348,314,293625.0,15114.83998,0
1702574100000,0.05149,0.05164,0.0514,0.05158,74297.0,1702574999999,3825.04641,60,26739.0,1376.95886,0
1702575000000,0.05158,0.05193,0.05155,0.05181,579965.0,1702575899999,30039.46342,278,468127.0,24249.29609,0
1702575900000,0.05177,0.05195,0.05175,0.05185,231243.0,1702576799999,11989.31669,111,79020.0,4096.87554,0
1702576800000,0.0518,0.05186,0.0516,0.05161,143020.0,1702577699999,7397.92893,80,93478.0,4837.02575,0
1702577700000,0.0516,0.05163,0.05137,0.05151,127060.0,1702578599999,6546.2539,100,32919.0,1696.48785,0
1702578600000,0.0515,0.05188,0.0515,0.05183,263539.0,1702579499999,13644.68006,117,203246.0,10521.8379,0
1702579500000,0.05185,0.05186,0.05152,0.05158,685885.0,1702580399999,35470.29056,235,75738.0,3915.30347,0
1702580400000,0.05159,0.0517,0.05141,0.05145,480404.0,1702581299999,24774.28739,185,84330.0,4351.30219,0
1702581300000,0.05148,0.05168,0.05145,0.05167,408623.0,1702582199999,21065.49161,176,308371.0,15895.38337,0
1702582200000,0.05167,0.05171,0.05147,0.05152,140655.0,1702583099999,7256.79478,108,40834.0,2108.64743,0
1702583100000,0.05149,0.05161,0.05137,0.05145,237962.0,1702583999999,12251.97687,108,100981.0,5204.69879,0
1702584000000,0.05145,0.05157,0.05125,0.05126,161750.0,1702584899999,8313.23996,108,106733.0,5488.08798,0
1702584900000,0.05125,0.05126,0.05108,0.05126,245964.0,1702585799999,12589.2039,107,128884.0,6597.94833,0
1702585800000,0.0513,0.05137,0.05124,0.05127,104630.0,1702586699999,5369.41176,63,64507.0,3311.37197,0
1702586700000,0.05129,0.0514,0.05122,0.0514,298517.0,1702587599999,15310.52745,81,63187.0,3241.2912,0
1702587600000,0.05148,0.05163,0.05136,0.05163,446972.0,1702588499999,23047.23478,129,410456.0,21167.33307,0
1702588500000,0.05163,0.05193,0.05163,0.05189,398934.0,1702589399999,20680.28994,172,195608.0,10142.53693,0
1702589400000,0.05191,0.0521,0.0519,0.0521,276094.0,1702590299999,14366.3181,153,214957.0,11188.08331,0
1702590300000,0.0521,0.05219,0.05191,0.05206,333019.0,1702591199999,17337.48009,252,140323.0,7308.08321,0
1702591200000,0.05205,0.05239,0.05204,0.05239,387428.0,1702592099999,20197.08062,178,323383.0,16855.89242,0
1702592100000,0.05239,0.05248,0.05207,0.05215,538008.0,1702592999999,28097.84105,196,52399.0,2735.83711,0
1702593000000,0.0522,0.05246,0.0522,0.05224,196327.0,1702593899999,10271.29325,90,114049.0,5969.5242,0
1702593900000,0.05221,0.05233,0.05211,0.05231,245023.0,1702594799999,12790.81486,101,71055.0,3714.58577,0
1702594800000,0.05237,0.0525,0.05235,0.05238,152639.0,1702595699999,8006.67488,67,83319.0,4372.31182,0
1702595700000,0.05239,0.0525,0.05235,0.05236,574814.0,1702596599999,30171.11094,153,496454.0,26061.64484,0
1702596600000,0.05236,0.0525,0.05233,0.05245,161167.0,1702597499999,8446.47545,78,55719.0,2918.53827,0
1702597500000,0.05245,0.05272,0.05235,0.05263,348774.0,1702598399999,18328.50075,231,222893.0,11716.99002,0
1702598400000,0.05262,0.0528,0.05246,0.05246,796064.0,1702599299999,41871.53852,387,218809.0,11518.80191,0
1702599300000,0.05243,0.05246,0.05222,0.0523,133430.0,1702600199999,6976.42019,120,53739.0,2809.66849,0
1702600200000,0.0523,0.05233,0.05205,0.05215,396682.0,1702601099999,20722.20699,227,267403.0,13976.86996,0
1702601100000,0.05219,0.05224,0.05189,0.05194,46067.0,1702601999999,2397.28276,93,11168.0,580.76412,0
1702602000000,0.05197,0.05213,0.05175,0.05175,133579.0,1702602899999,6941.63355,93,64184.0,3337.98678,0
1702602900000,0.05178,0.05223,0.05177,0.05222,152273.0,1702603799999,7919.44434,113,130398.0,6780.60642,0
1702603800000,0.05209,0.05223,0.05194,0.05194,202400.0,1702604699999,10535.35236,231,64604.0,3365.45112,0
1702604700000,0.05196,0.052,0.05177,0.05193,284975.0,1702605599999,14790.76346,227,77252.0,4009.05584,0
1702605600000,0.05192,0.05201,0.05155,0.05158,224870.0,1702606499999,11621.38724,130,91953.0,4751.31644,0
1702606500000,0.05161,0.0517,0.05154,0.05165,250448.0,1702607399999,12927.63701,141,167415.0,8642.98389,0
1702607400000,0.05167,0.05182,0.05166,0.05178,55008.0,1702608299999,2846.67142,44,31018.0,1605.2705,0
1702608300000,0.05184,0.05195,0.05174,0.05174,30525.0,1702609199999,1581.74912,32,16414.0,850.27794,0
1702609200000,0.05174,0.05193,0.05172,0.05172,216654.0,1702610099999,11231.73179,121,56914.0,2949.67387,0
1702610100000,0.05177,0.0519,0.05157,0.05187,204982.0,1702610999999,10598.1531,133,50472.0,2609.76395,0
1702611000000,0.0519,0.0519,0.05168,0.05178,38031.0,1702611899999,1968.09807,26,13750.0,711.87307,0
1702611900000,0.05182,0.05187,0.05173,0.05182,35817.0,1702612799999,1854.72058,53,20747.0,1074.57846,0
1702612800000,0.05187,0.05197,0.05175,0.05193,54577.0,1702613699999,2831.70268,43,34014.0,1764.27646,0
1702613700000,0.05189,0.05201,0.05174,0.05192,209363.0,1702614599999,10865.96212,142,62242.0,3233.65167,0
1702614600000,0.05195,0.05196,0.05163,0.05167,190638.0,1702615499999,9867.91298,81,24188.0,1251.63121,0
1702615500000,0.05169,0.05177,0.05158,0.05174,42682.0,1702616399999,2206.05725,42,19780.0,1022.9262,0
1702616400000,0.05175,0.05185,0.05168,0.0517,151978.0,1702617299999,7868.75654,84,101859.0,5275.0237,0
1702617300000,0.05175,0.0519,0.05168,0.05169,94638.0,1702618199999,4900.1753,86,26198.0,1357.06429,0
1702618200000,0.05165,0.05167,0.05131,0.05142,249665.0,1702619099999,12839.44928,192,46027.0,2366.12352,0
1702619100000,0.05141,0.05151,0.05102,0.05107,577100.0,1702619999999,29589.35451,302,144316.0,7406.88284,0
1702620000000,0.05109,0.0513,0.05096,0.05118,114133.0,1702620899999,5830.66729,80,29768.0,1522.8295,0
1702620900000,0.05119,0.05143,0.05114,0.05143,120346.0,1702621799999,6168.4872,76,52065.0,2671.70242,0
1702621800000,0.05148,0.05148,0.05122,0.05124,126221.0,1702622699999,6476.91299,71,20926.0,1073.93254,0
1702622700000,0.05122,0.05126,0.05109,0.05114,88444.0,1702623599999,4525.18723,58,7402.0,379.06739,0
1702623600000,0.05114,0.05122,0.05101,0.05107,226692.0,1702624499999,11576.99213,112,30898.0,1579.11795,0
1702624500000,0.05104,0.0512,0.05099,0.0511,97542.0,1702625399999,4982.84189,108,54597.0,2789.728,0
1702625400000,0.05105,0.05108,0.05078,0.05085,274013.0,1702626299999,13961.16263,155,35345.0,1800.33895,0
1702626300000,0.05084,0.05084,0.05059,0.05064,313814.0,1702627199999,15895.06325,163,88059.0,4462.52775,0
1702627200000,0.0506,0.05082,0.05025,0.05033,617586.0,1702628099999,31183.41742,253,107593.0,5445.61457,0
1702628100000,0.05033,0.05044,0.05021,0.05031,253724.0,1702628999999,12760.29334,154,83123.0,4183.07616,0
1702629000000,0.05034,0.05045,0.05032,0.05042,261012.0,1702629899999,13154.94129,83,110353.0,5562.27318,0
1702629900000,0.05043,0.05111,0.05043,0.05111,268640.0,1702630799999,13657.46787,107,247164.0,12566.696,0
1702630800000,0.0511,0.05136,0.05095,0.05136,278787.0,1702631699999,14260.56806,154,193413.0,9901.77295,0
1702631700000,0.05126,0.05134,0.05096,0.05103,524925.0,1702632599999,26841.11605,222,145739.0,7465.62886,0
1702632600000,0.051,0.0511,0.05093,0.05101,295596.0,1702633499999,15083.01105,84,232252.0,11852.00135,0
1702633500000,0.05104,0.05107,0.05064,0.0507,166598.0,1702634399999,8460.92056,116,53423.0,2713.7433,0
1702634400000,0.05068,0.05072,0.04943,0.05043,2060213.0,1702635299999,103577.70331,846,506457.0,25560.82947,0
1702635300000,0.05043,0.05053,0.05033,0.05043,477081.0,1702636199999,24063.03858,180,121055.0,6107.91375,0
1702636200000,0.05044,0.05046,0.05026,0.05034,496320.0,1702637099999,24979.17068,277,61684.0,3105.37602,0
1702637100000,0.05033,0.05079,0.05027,0.05071,538148.0,1702637999999,27256.87107,286,179586.0,9096.76667,0
1702638000000,0.05075,0.05076,0.0504,0.05045,437599.0,1702638899999,22126.55628,232,159460.0,8061.06917,0
1702638900000,0.05046,0.05058,0.05036,0.05037,382018.0,1702639799999,19271.68888,200,216682.0,10930.36386,0
1702639800000,0.05041,0.05052,0.05033,0.05038,455718.0,1702640699999,22977.50035,260,112498.0,5673.83846,0
1702640700000,0.05037,0.05044,0.05025,0.05035,622112.0,1702641599999,31332.58868,247,85713.0,4315.90845,0
1702641600000,0.05034,0.0504,0.04983,0.04987,349252.0,1702642499999,17507.90607,291,97202.0,4872.14905,0
1702642500000,0.04985,0.05012,0.04977,0.05005,366512.0,1702643399999,18301.90835,278,168064.0,8392.23292,0
1702643400000,0.05013,0.05014,0.04993,0.04995,49481.0,1702644299999,2476.07912,69,32667.0,1634.58194,0
1702644300000,0.04986,0.05003,0.04984,0.04993,136811.0,1702645199999,6831.11757,109,60403.0,3015.79645,0
1702645200000,0.0499,0.05012,0.04968,0.05009,519540.0,1702646099999,25921.08964,245,390961.0,19513.90888,0
1702646100000,0.0501,0.05022,0.05002,0.05003,153135.0,1702646999999,7673.06215,107,90654.0,4543.90479,0
1702647000000,0.05005,0.05013,0.04976,0.04989,252533.0,1702647899999,12614.21735,135,100848.0,5034.30006,0
1702647900000,0.0499,0.05012,0.04979,0.04992,720413.0,1702648799999,36009.91821,550,232331.0,11614.24969,0
1702648800000,0.04993,0.05022,0.04984,0.05019,467651.0,1702649699999,23396.99821,405,169691.0,8489.81619,0
1702649700000,0.05017,0.05017,0.04984,0.04994,327816.0,1702650599999,16391.96118,272,43263.0,2162.55887,0
1702650600000,0.04994,0.04998,0.0497,0.04981,528516.0,1702651499999,26336.5851,396,228678.0,11393.75754,0
1702651500000,0.0498,0.05007,0.04965,0.05006,582042.0,1702652399999,29023.24963,455,286257.0,14286.88887,0
1702652400000,0.05006,0.05022,0.04987,0.04995,374849.0,1702653299999,18770.94739,423,125640.0,6294.28948,0
1702653300000,0.04985,0.0502,0.04983,0.04999,1039606.0,1702654199999,52005.71113,515,668591.0,33461.24232,0
1702654200000,0.04998,0.04998,0.04946,0.04972,646000.0,1702655099999,32096.42293,598,204560.0,10166.83993,0
1702655100000,0.04966,0.04994,0.04955,0.04992,352163.0,1702655999999,17525.29892,316,102142.0,5085.84391,0
1702656000000,0.04992,0.05011,0.04983,0.04988,178256.0,1702656899999,8912.09671,176,83677.0,4183.05519,0
1702656900000,0.04988,0.05038,0.04984,0.05038,377109.0,1702657799999,18948.88914,300,123048.0,6177.7872,0
1702657800000,0.05038,0.05045,0.05011,0.05018,476794.0,1702658699999,23972.18459,271,101842.0,5124.50076,0
1702658700000,0.05019,0.05021,0.0498,0.04991,563447.0,1702659599999,28156.43182,238,159294.0,7961.16865,0
1702659600000,0.04995,0.05035,0.04995,0.05035,318627.0,1702660499999,15966.46604,207,75811.0,3801.95102,0
1702660500000,0.05034,0.05038,0.0502,0.05028,331881.0,1702661399999,16704.46352,205,82546.0,4155.19254,0
1702661400000,0.05028,0.05031,0.05014,0.05014,149528.0,1702662299999,7504.8797,98,63018.0,3163.90531,0
1702662300000,0.05015,0.05026,0.04997,0.04997,250554.0,1702663199999,12552.91929,163,112162.0,5619.93478,0
1702663200000,0.04997,0.05017,0.04962,0.04998,854816.0,1702664099999,42719.26177,363,172392.0,8624.36754,0
1702664100000,0.04999,0.05033,0.04999,0.05025,179002.0,1702664999999,8994.9965,77,52156.0,2616.34433,0
1702665000000,0.05023,0.05036,0.05021,0.05032,93230.0,1702665899999,4688.50209,44,29433.0,1480.55918,0
1702665900000,0.05034,0.05038,0.05024,0.05036,181454.0,1702666799999,9127.43809,75,96073.0,4831.63486,0
1702666800000,0.05034,0.05035,0.05018,0.05028,192432.0,1702667699999,9677.85596,134,52499.0,2639.68092,0
1702667700000,0.05026,0.05049,0.05022,0.05049,177914.0,1702668599999,8957.65293,178,65600.0,3305.44627,0
1702668600000,0.0505,0.05064,0.05047,0.05052,396420.0,1702669499999,20041.72524,374,222417.0,11246.13325,0
1702669500000,0.0505,0.05054,0.05029,0.05039,259853.0,1702670399999,13093.17487,189,132298.0,6666.45884,0
1702670400000,0.05041,0.05046,0.05023,0.05038,116689.0,1702671299999,5875.46324,97,53828.0,2710.57234,0
1702671300000,0.05038,0.05049,0.05035,0.05042,74327.0,1702672199999,3748.04798,57,35904.0,1809.98102,0
1702672200000,0.05039,0.05039,0.05027,0.05038,30419.0,1702673099999,1531.002,26,11136.0,560.6925,0
1702673100000,0.05042,0.05051,0.05039,0.05048,121473.0,1702673999999,6130.58146,56,58591.0,2957.24895,0
1702674000000,0.05047,0.05057,0.05043,0.05043,63770.0,1702674899999,3221.54125,29,42306.0,2136.88958,0
1702674900000,0.05039,0.05049,0.05035,0.05048,347163.0,1702675799999,17505.60014,93,252308.0,12721.1106,0
1702675800000,0.05039,0.05047,0.05018,0.05032,257645.0,1702676699999,12963.56341,109,179335.0,9026.68952,0
1702676700000,0.05026,0.05032,0.05004,0.0501,480094.0,1702677599999,24091.86857,211,347747.0,17450.70813,0
1702677600000,0.05012,0.05013,0.04981,0.04984,244810.0,1702678499999,12237.22294,194,127727.0,6385.9679,0
1702678500000,0.04986,0.04995,0.04934,0.04934,364635.0,1702679399999,18076.94,198,93652.0,4649.80066,0
1702679400000,0.04933,0.04967,0.0492,0.04946,635958.0,1702680299999,31432.67554,498,450302.0,22267.47325,0
1702680300000,0.04948,0.04974,0.04935,0.04938,196999.0,1702681199999,9761.92103,175,128803.0,6386.57808,0
1702681200000,0.04934,0.04964,0.04928,0.04949,692730.0,1702682099999,34283.69541,466,462641.0,22902.85739,0
1702682100000,0.04946,0.04951,0.04868,0.04882,1682671.0,1702682999999,82486.42756,869,1039065.0,50935.4083,0
1702683000000,0.04882,0.04895,0.04858,0.04868,1243797.0,1702683899999,60638.1314,961,686211.0,33474.33871,0
1702683900000,0.04868,0.04901,0.04867,0.04886,794349.0,1702684799999,38774.84693,880,643107.0,31394.75447,0
1702684800000,0.04885,0.04946,0.04885,0.04946,565344.0,1702685699999,27771.67022,530,437121.0,21473.04778,0
1702685700000,0.04947,0.04955,0.04908,0.04912,236273.0,1702686599999,11639.77104,221,88173.0,4350.38419,0
1702686600000,0.04905,0.04916,0.04846,0.04906,346281.0,1702687499999,16889.25137,275,152707.0,7444.24783,0
1702687500000,0.04907,0.04958,0.04906,0.04952,231715.0,1702688399999,11447.09501,297,169506.0,8371.9973,0
1702688400000,0.04952,0.04989,0.0495,0.04973,160629.0,1702689299999,7986.42812,138,38991.0,1937.14931,0
1702689300000,0.04973,0.05037,0.04973,0.05031,750086.0,1702690199999,37566.97802,389,673492.0,33724.54803,0
1702690200000,0.05031,0.05052,0.0502,0.05046,162354.0,1702691099999,8181.52564,166,67296.0,3392.6859,0
1702691100000,0.05046,0.05053,0.05024,0.0503,140067.0,1702691999999,7058.83995,179,41735.0,2103.14677,0
1702692000000,0.05031,0.05043,0.04988,0.05,573485.0,1702692899999,28721.64452,346,101782.0,5103.75148,0
1702692900000,0.04996,0.05002,0.04983,0.04999,87192.0,1702693799999,4354.40883,91,37079.0,1852.70876,0
1702693800000,0.04989,0.05017,0.04982,0.05009,76375.0,1702694699999,3824.3491,125,57140.0,2860.71413,0
1702694700000,0.0501,0.05031,0.0501,0.05029,36288.0,1702695599999,1821.87179,95,23009.0,1154.95758,0
1702695600000,0.05031,0.05045,0.05024,0.05024,58865.0,1702696499999,2963.04704,67,36877.0,1857.11766,0
1702696500000,0.05025,0.05035,0.05018,0.05035,32858.0,1702697399999,1651.34135,46,15315.0,769.46088,0
1702697400000,0.05032,0.05032,0.05011,0.05013,131560.0,1702698299999,6599.18451,116,23613.0,1184.94276,0
1702698300000,0.05011,0.05047,0.05009,0.05038,71300.0,1702699199999,3583.05084,98,47220.0,2375.30104,0
1702699200000,0.05036,0.05036,0.05017,0.05021,89537.0,1702700099999,4497.15291,84,42508.0,2135.14228,0
1702700100000,0.0502,0.05032,0.05017,0.05031,42474.0,1702700999999,2135.56194,47,30625.0,1540.07391,0
1702701000000,0.05032,0.05033,0.05015,0.05031,93361.0,1702701899999,4690.70781,85,42057.0,2114.11441,0
1702701900000,0.05028,0.05044,0.05023,0.05041,124962.0,1702702799999,6284.99047,82,39120.0,1970.0589,0
1702702800000,0.05042,0.05062,0.05041,0.0505,72863.0,1702703699999,3681.10449,109,44022.0,2224.18075,0
1702703700000,0.05054,0.05061,0.05054,0.0506,81227.0,1702704599999,4109.08331,48,60727.0,3072.4518,0
1702704600000,0.05057,0.05069,0.0505,0.05062,118233.0,1702705499999,5985.61807,90,63327.0,3206.06332,0
1702705500000,0.0506,0.05087,0.0506,0.05083,109237.0,1702706399999,5547.19371,105,82023.0,4165.3473,0
1702706400000,0.05085,0.05091,0.05075,0.05075,175226.0,1702707299999,8911.00363,91,116666.0,5934.65676,0
1702707300000,0.05076,0.05076,0.05048,0.05049,98930.0,1702708199999,5003.63276,105,14424.0,730.24097,0
1702708200000,0.05051,0.05051,0.05035,0.05038,86646.0,1702709099999,4368.93474,98,24107.0,1215.95926,0
1702709100000,0.05039,0.05048,0.04959,0.05034,1497539.0,1702709999999,75141.73083,505,260073.0,13073.68896,0
1702710000000,0.05034,0.05049,0.05034,0.05042,219329.0,1702710899999,11055.34073,127,96354.0,4854.67337,0
1702710900000,0.05048,0.05048,0.05017,0.05028,97099.0,1702711799999,4880.42354,147,39314.0,1976.12467,0
1702711800000,0.05027,0.05031,0.05025,0.05025,46029.0,1702712699999,2314.87732,51,24593.0,1237.06792,0
1702712700000,0.05022,0.05054,0.05021,0.05049,243294.0,1702713599999,12266.29297,152,174037.0,8779.19256,0
1702713600000,0.05048,0.05069,0.0504,0.05061,291500.0,1702714499999,14739.02485,177,211454.0,10691.52444,0
1702714500000,0.05064,0.05065,0.0504,0.05051,210058.0,1702715399999,10609.24275,156,40422.0,2042.64258,0
1702715400000,0.05051,0.05052,0.05031,0.05039,95591.0,1702716299999,4816.03874,168,50806.0,2559.68021,0
1702716300000,0.05037,0.0504,0.05027,0.0504,98727.0,1702717199999,4974.15614,55,81102.0,4086.81343,0
1702717200000,0.05037,0.05108,0.05037,0.05101,571892.0,1702718099999,29091.75348,312,462262.0,23510.98584,0
1702718100000,0.05102,0.05117,0.05097,0.05116,209723.0,1702718999999,10711.33718,153,112573.0,5751.22389,0
1702719000000,0.05114,0.05148,0.05107,0.0513,735623.0,1702719899999,37742.8993,269,412025.0,21135.09519,0
1702719900000,0.05127,0.05137,0.05105,0.05112,104042.0,1702720799999,5326.42812,81,44774.0,2293.47978,0
1702720800000,0.05114,0.05123,0.05089,0.05097,147195.0,1702721699999,7510.58715,125,83191.0,4245.41737,0
1702721700000,0.05096,0.05096,0.05073,0.05077,141925.0,1702722599999,7213.93033,114,37996.0,1932.48249,0
1702722600000,0.0507,0.05083,0.0507,0.05081,78359.0,1702723499999,3978.79547,48,41369.0,2100.84206,0
1702723500000,0.05081,0.05091,0.05072,0.05083,110921.0,1702724399999,5635.93336,88,52147.0,2649.42946,0
1702724400000,0.05081,0.05093,0.05081,0.05086,139872.0,1702725299999,7116.44437,109,92001.0,4681.40919,0
1702725300000,0.0509,0.05109,0.05087,0.05099,44925.0,1702726199999,2289.9255,56,24620.0,1255.44746,0
1702726200000,0.05101,0.05125,0.05094,0.05125,738422.0,1702727099999,37760.14239,246,647667.0,33126.73794,0
1702727100000,0.05126,0.05143,0.05122,0.05143,139965.0,1702727999999,7183.91245,113,46600.0,2391.51241,0
1702728000000,0.05144,0.05157,0.05115,0.05121,804400.0,1702728899999,41290.96718,392,268196.0,13772.63551,0
1702728900000,0.0512,0.05136,0.05117,0.05132,350449.0,1702729799999,17954.27673,199,257175.0,13175.39818,0
1702729800000,0.05129,0.05156,0.05127,0.05154,176401.0,1702730699999,9079.66776,143,104524.0,5380.34732,0
1702730700000,0.05155,0.05164,0.05151,0.05158,191056.0,1702731599999,9855.60177,121,105617.0,5449.06009,0
1702731600000,0.05157,0.05158,0.05132,0.05137,259447.0,1702732499999,13339.46564,142,127708.0,6565.58669,0
1702732500000,0.05136,0.05136,0.05096,0.051,331190.0,1702733399999,16927.15347,185,67887.0,3469.14985,0
1702733400000,0.05105,0.05107,0.0508,0.05095,250498.0,1702734299999,12743.75026,157,42886.0,2184.1043,0
1702734300000,0.05094,0.05104,0.05092,0.05094,109319.0,1702735199999,5573.18562,61,50413.0,2570.05364,0
1702735200000,0.05098,0.051,0.05073,0.05073,242156.0,1702736099999,12312.18008,156,66067.0,3359.14995,0
1702736100000,0.05075,0.05079,0.05051,0.05054,285819.0,1702736999999,14477.63313,198,92661.0,4700.53942,0
1702737000000,0.05056,0.05063,0.05052,0.05057,117763.0,1702737899999,5956.8432,89,52260.0,2643.84185,0
1702737900000,0.05059,0.05069,0.05056,0.05069,144291.0,1702738799999,7301.14164,74,63498.0,3214.14616,0
1702738800000,0.05068,0.05081,0.05067,0.05072,144795.0,1702739699999,7342.95873,96,41750.0,2118.04515,0
1702739700000,0.05074,0.05075,0.05052,0.05056,140177.0,1702740599999,7093.88549,119,31645.0,1602.63191,0
1702740600000,0.05055,0.05082,0.05053,0.05076,105424.0,1702741499999,5341.44404,82,54224.0,2749.49594,0
1702741500000,0.05073,0.05085,0.05068,0.05072,168744.0,1702742399999,8564.51411,143,68926.0,3499.61474,0
1702742400000,0.05075,0.05075,0.0506,0.05062,380079.0,1702743299999,19251.42122,210,127491.0,6458.17781,0
1702743300000,0.05063,0.05081,0.05062,0.0508,78159.0,1702744199999,3964.54777,72,65017.0,3298.29434,0
1702744200000,0.05081,0.05125,0.05076,0.05122,419828.0,1702745099999,21421.24864,360,292375.0,14916.30642,0
1702745100000,0.05119,0.05133,0.05106,0.05109,573632.0,1702745999999,29376.88982,394,227485.0,11651.93109,0
1702746000000,0.05111,0.05137,0.0511,0.05126,471873.0,1702746899999,24197.21773,314,348134.0,17852.23754,0
1702746900000,0.05124,0.05149,0.05124,0.05135,169694.0,1702747799999,8721.51499,243,94215.0,4842.22941,0
1702747800000,0.05134,0.0515,0.05114,0.05148,452073.0,1702748699999,23222.20071,295,340972.0,17522.27297,0
1702748700000,0.05147,0.05163,0.05143,0.05149,302050.0,1702749599999,15560.71037,225,157010.0,8090.97608,0
1702749600000,0.05145,0.05151,0.05114,0.05114,275115.0,1702750499999,14133.3195,186,140299.0,7210.59964,0
1702750500000,0.05118,0.05129,0.05085,0.05101,294412.0,1702751399999,15040.41607,208,102254.0,5227.60507,0
1702751400000,0.05101,0.05128,0.05098,0.05112,278091.0,1702752299999,14210.30795,199,130575.0,6673.95133,0
1702752300000,0.05108,0.05127,0.05084,0.05111,350844.0,1702753199999,17923.25339,170,136390.0,6978.51783,0
1702753200000,0.05112,0.05129,0.05071,0.05078,212287.0,1702754099999,10841.05485,223,86192.0,4411.89072,0
1702754100000,0.05085,0.0511,0.05085,0.05095,83431.0,1702754999999,4253.47363,120,31439.0,1602.58794,0
1702755000000,0.05097,0.05098,0.05039,0.05049,518150.0,1702755899999,26172.14173,293,218584.0,11038.24043,0
1702755900000,0.05052,0.05078,0.05052,0.05071,126709.0,1702756799999,6416.72659,112,75380.0,3817.36959,0
1702756800000,0.05071,0.05118,0.05068,0.05107,101902.0,1702757699999,5196.21241,93,63839.0,3254.94931,0
1702757700000,0.05107,0.05117,0.05089,0.051,58984.0,1702758599999,3007.02976,53,13804.0,704.71897,0
1702758600000,0.05096,0.0511,0.05085,0.0509,79177.0,1702759499999,4035.08096,55,27224.0,1387.80589,0
1702759500000,0.0509,0.05091,0.05063,0.0508,110101.0,1702760399999,5585.1075,69,57588.0,2920.72374,0
1702760400000,0.05085,0.05089,0.05058,0.05078,80334.0,1702761299999,4072.33874,75,47734.0,2418.85637,0
1702761300000,0.05081,0.05089,0.05057,0.0506,46645.0,1702762199999,2366.15399,51,12956.0,658.25192,0
1702762200000,0.05066,0.05082,0.05055,0.05055,57966.0,1702763099999,2935.82861,73,14997.0,760.32408,0
1702763100000,0.05055,0.05056,0.05035,0.05042,213250.0,1702763999999,10761.60701,137,123406.0,6229.5846,0
1702764000000,0.05042,0.05052,0.05016,0.05052,294401.0,1702764899999,14827.42517,141,60947.0,3068.61446,0
1702764900000,0.05054,0.05063,0.05042,0.05056,155669.0,1702765799999,7865.64967,66,26289.0,1329.1955,0
1702765800000,0.05055,0.0507,0.05054,0.05062,68086.0,1702766699999,3447.81815,60,37923.0,1921.307,0
1702766700000,0.05062,0.0508,0.05059,0.05067,90677.0,1702767599999,4598.3367,56,65947.0,3344.63619,0
1702767600000,0.0507,0.05072,0.05051,0.05051,82878.0,1702768499999,4194.75236,46,12812.0,649.36337,0
1702768500000,0.05053,0.05066,0.05042,0.05046,131696.0,1702769399999,6657.28144,75,44616.0,2256.59371,0
1702769400000,0.05047,0.05053,0.05035,0.05035,72232.0,1702770299999,3643.92133,52,20690.0,1044.15139,0
1702770300000,0.05039,0.05072,0.05033,0.05071,316827.0,1702771199999,16007.09361,134,160539.0,8114.07694,0
1702771200000,0.0507,0.05082,0.05061,0.05065,631551.0,1702772099999,32044.79859,357,187637.0,9523.43497,0
1702772100000,0.05068,0.05094,0.05064,0.05088,269257.0,1702772999999,13669.77726,166,80124.0,4069.13467,0
1702773000000,0.05088,0.05119,0.05087,0.05118,549554.0,1702773899999,28049.42982,417,169324.0,8644.88607,0
1702773900000,0.05119,0.05128,0.05069,0.05069,470704.0,1702774799999,24043.61196,271,119237.0,6102.43275,0
1702774800000,0.05069,0.05132,0.05061,0.05124,804169.0,1702775699999,41047.27152,443,389931.0,19898.79871,0
1702775700000,0.05123,0.05147,0.05112,0.0513,1017420.0,1702776599999,52217.05594,569,477397.0,24516.57776,0
1702776600000,0.0513,0.05143,0.05061,0.05075,1108465.0,1702777499999,56428.90029,833,287569.0,14638.20416,0
1702777500000,0.05079,0.05089,0.05041,0.05081,992931.0,1702778399999,50356.4495,763,264094.0,13393.22534,0
1702778400000,0.05079,0.05116,0.05065,0.0509,755910.0,1702779299999,38482.32421,531,161174.0,8207.37977,0
1702779300000,0.05091,0.05104,0.05073,0.05087,742813.0,1702780199999,37791.46906,601,215856.0,10984.07898,0
1702780200000,0.05086,0.05086,0.05035,0.05036,846912.0,1702781099999,42820.6295,640,100704.0,5089.67127,0
1702781100000,0.05038,0.0504,0.05009,0.05015,583336.0,1702781999999,29308.66294,460,73642.0,3703.69191,0
1702782000000,0.0502,0.05027,0.04983,0.04998,741136.0,1702782899999,37088.43957,471,105803.0,5296.39259,0
1702782900000,0.04995,0.05007,0.04977,0.05005,724781.0,1702783799999,36182.9421,450,172064.0,8593.98154,0
1702783800000,0.05004,0.05007,0.04992,0.04997,104709.0,1702784699999,5234.56128,128,38222.0,1910.78928,0
1702784700000,0.04992,0.05004,0.04987,0.04996,112561.0,1702785599999,5622.21685,119,33018.0,1649.7182,0
1702785600000,0.05,0.05029,0.04994,0.05023,309017.0,1702786499999,15519.02937,173,260572.0,13088.91446,0
1702786500000,0.05022,0.05054,0.05022,0.05053,61418.0,1702787399999,3093.24331,104,38489.0,1938.44885,0
1702787400000,0.05054,0.05054,0.05027,0.05029,140413.0,1702788299999,7076.99509,235,43103.0,2171.12043,0
1702788300000,0.05029,0.05038,0.05017,0.05033,107612.0,1702789199999,5407.50757,121,8580.0,431.54519,0
1702789200000,0.05033,0.05049,0.0503,0.05049,153853.0,1702790099999,7753.25311,72,93123.0,4694.39674,0
1702790100000,0.05047,0.05051,0.0502,0.05025,117421.0,1702790999999,5912.97451,105,31727.0,1600.59293,0
1702791000000,0.05025,0.05025,0.0496,0.04965,275880.0,1702791899999,13725.22788,158,98985.0,4923.49615,0
1702791900000,0.0496,0.04976,0.04922,0.04965,447962.0,1702792799999,22161.57386,353,186807.0,9256.78958,0
1702792800000,0.04962,0.05005,0.04951,0.04989,296316.0,1702793699999,14775.22946,253,142290.0,7093.57768,0
1702793700000,0.04989,0.0499,0.04972,0.04973,83549.0,1702794599999,4162.06391,105,36894.0,1838.44947,0
1702794600000,0.04975,0.04976,0.04924,0.04941,161640.0,1702795499999,7990.58456,195,84495.0,4175.69015,0
1702795500000,0.0494,0.04982,0.04923,0.04981,271853.0,1702796399999,13442.23099,249,168523.0,8334.57673,0
1702796400000,0.04971,0.0504,0.04971,0.0504,145824.0,1702797299999,7306.38465,134,83679.0,4195.6996,0
1702797300000,0.0504,0.0504,0.04975,0.04979,100424.0,1702798199999,5031.60173,107,27806.0,1390.86129,0
1702798200000,0.04982,0.04984,0.04966,0.0497,88420.0,1702799099999,4398.36534,96,53024.0,2638.12282,0
1702799100000,0.04978,0.04984,0.04943,0.04946,106320.0,1702799999999,5270.32162,143,48647.0,2410.92637,0
1702800000000,0.04942,0.04967,0.04937,0.0495,230586.0,1702800899999,11423.38954,166,138637.0,6867.55237,0
1702800900000,0.04955,0.04986,0.04949,0.04974,183216.0,1702801799999,9104.14979,132,55811.0,2773.74072,0
1702801800000,0.04979,0.04986,0.0497,0.04983,70692.0,1702802699999,3519.09714,99,31928.0,1589.40885,0
1702802700000,0.04986,0.04986,0.04977,0.04981,36179.0,1702803599999,1802.17803,56,12477.0,621.31798,0
1702803600000,0.04981,0.05001,0.04981,0.04997,67057.0,1702804499999,3347.57192,59,42988.0,2145.60525,0
1702804500000,0.04994,0.05005,0.04987,0.04989,152658.0,1702805399999,7622.36422,132,39341.0,1965.7204,0
1702805400000,0.04994,0.04999,0.04965,0.04972,124287.0,1702806299999,6184.82109,95,62922.0,3131.68198,0
1702806300000,0.04974,0.0501,0.04966,0.0501,107539.0,1702807199999,5361.27576,91,55590.0,2776.082,0
1702807200000,0.0501,0.05032,0.05,0.05031,466070.0,1702808099999,23411.73498,242,297417.0,14938.87408,0
1702808100000,0.0503,0.05097,0.0503,0.05068,1456146.0,1702808999999,73757.35102,660,1084604.0,54911.39396,0
1702809000000,0.05066,0.05107,0.05066,0.05086,597444.0,1702809899999,30423.12472,337,423323.0,21558.59252,0
1702809900000,0.05091,0.05106,0.05091,0.05099,94046.0,1702810799999,4795.74532,81,36301.0,1850.66933,0
1702810800000,0.05099,0.05129,0.05082,0.05084,384184.0,1702811699999,19596.91971,303,245162.0,12500.47479,0
1702811700000,0.05085,0.05129,0.05084,0.05129,167543.0,1702812599999,8566.42239,160,56392.0,2883.48274,0
1702812600000,0.05127,0.05148,0.051,0.05115,665541.0,1702813499999,34112.48489,476,251125.0,12879.88843,0
1702813500000,0.05114,0.0512,0.051,0.05107,110150.0,1702814399999,5628.64987,133,46939.0,2399.5126,0
1702814400000,0.05106,0.05122,0.05083,0.05094,249044.0,1702815299999,12703.38265,196,118070.0,6029.10336,0
1702815300000,0.05094,0.052,0.0508,0.05195,1618937.0,1702816199999,83636.65216,782,1359682.0,70247.49948,0
1702816200000,0.05195,0.05219,0.05152,0.05185,2194842.0,1702817099999,113813.21888,1108,1606810.0,83327.66598,0
1702817100000,0.05187,0.052,0.05163,0.05164,650091.0,1702817999999,33699.36597,556,270799.0,14043.4967,0
1702818000000,0.05161,0.05175,0.05092,0.05111,1392467.0,1702818899999,71329.30587,740,553719.0,28369.86681,0
1702818900000,0.05113,0.05114,0.05091,0.05107,564920.0,1702819799999,28806.35728,503,212345.0,10833.49723,0
1702819800000,0.05107,0.05109,0.05034,0.05049,834441.0,1702820699999,42344.79127,489,200803.0,10192.26987,0
1702820700000,0.05049,0.05068,0.05025,0.05067,605486.0,1702821599999,30565.97656,389,245235.0,12390.36326,0
1702821600000,0.05066,0.05112,0.05052,0.05106,232877.0,1702822499999,11851.60697,183,103680.0,5285.75484,0
1702822500000,0.05104,0.05105,0.05033,0.05034,650112.0,1702823399999,32925.58321,406,147370.0,7453.49269,0
1702823400000,0.05034,0.05085,0.0501,0.05078,767018.0,1702824299999,38824.6418,285,569825.0,28889.96469,0
1702824300000,0.05077,0.05083,0.05041,0.05047,73149.0,1702825199999,3702.23617,78,36185.0,1831.62519,0
1702825200000,0.05047,0.05082,0.0503,0.05079,372172.0,1702826099999,18810.37978,124,198026.0,10018.8748,0
1702826100000,0.05076,0.05112,0.05067,0.05098,407722.0,1702826999999,20788.86773,200,288848.0,14749.20488,0
1702827000000,0.05101,0.05126,0.05101,0.0511,125008.0,1702827899999,6392.60388,95,59917.0,3064.87242,0
1702827900000,0.05112,0.05151,0.05102,0.05142,876156.0,1702828799999,44861.78089,351,570911.0,29264.20549,0
1702828800000,0.05144,0.05164,0.05117,0.05159,491657.0,1702829699999,25275.61333,388,359214.0,18470.45816,0
1702829700000,0.05161,0.05237,0.05141,0.05209,1290973.0,1702830599999,67034.54002,952,1001137.0,51999.3189,0
1702830600000,0.05212,0.05258,0.05212,0.0525,1679391.0,1702831499999,88044.32491,733,881815.0,46210.61029,0
1702831500000,0.0525,0.05256,0.05229,0.05245,773066.0,1702832399999,40554.88583,392,313763.0,16466.48588,0
1702832400000,0.05245,0.05245,0.05174,0.05207,762403.0,1702833299999,39649.5959,492,183476.0,9556.46439,0
1702833300000,0.05206,0.05214,0.05191,0.05205,308744.0,1702834199999,16068.94891,250,115396.0,6006.02402,0
1702834200000,0.05202,0.05248,0.05197,0.05197,446114.0,1702835099999,23308.25647,399,314069.0,16419.55693,0
1702835100000,0.05197,0.0526,0.05186,0.05213,1151565.0,1702835999999,60199.64508,444,923574.0,48351.40243,0
1702836000000,0.05215,0.05215,0.05115,0.0516,1398617.0,1702836899999,72274.73094,557,186398.0,9647.73692,0
1702836900000,0.05157,0.05208,0.0514,0.05198,280450.0,1702837799999,14527.69756,168,177837.0,9236.21083,0
1702837800000,0.05191,0.05213,0.05191,0.05203,91248.0,1702838699999,4748.64637,100,57294.0,2982.34222,0
1702838700000,0.05205,0.05215,0.05192,0.052,109247.0,1702839599999,5682.64877,139,31618.0,1645.27426,0
1702839600000,0.05202,0.05212,0.05193,0.05203,129265.0,1702840499999,6727.27463,79,68092.0,3544.58229,0
1702840500000,0.05205,0.0521,0.05183,0.05191,71476.0,1702841399999,3711.88431,63,11676.0,607.14197,0
1702841400000,0.05193,0.05206,0.05177,0.05193,125514.0,1702842299999,6513.50284,90,57237.0,2972.58841,0
1702842300000,0.05196,0.05202,0.05188,0.05196,42835.0,1702843199999,2225.14275,53,29549.0,1535.35249,0
1702843200000,0.05197,0.05202,0.05181,0.05187,83192.0,1702844099999,4320.71767,60,53623.0,2785.28163,0
1702844100000,0.05187,0.05194,0.05177,0.05183,56278.0,1702844999999,2918.7152,57,26389.0,1369.00018,0
1702845000000,0.05184,0.05194,0.05179,0.05193,98111.0,1702845899999,5087.62861,75,41258.0,2140.6777,0
1702845900000,0.05196,0.05205,0.05189,0.052,89189.0,1702846799999,4636.96083,76,58292.0,3030.66938,0
1702846800000,0.05195,0.05196,0.05177,0.05177,37429.0,1702847699999,1941.52225,41,8148.0,422.78534,0
1702847700000,0.05176,0.05179,0.0515,0.0515,96572.0,1702848599999,4989.64641,74,23655.0,1222.82177,0
1702848600000,0.05152,0.05159,0.0514,0.05144,134970.0,1702849499999,6944.80094,76,47398.0,2438.76912,0
1702849500000,0.05143,0.05146,0.05131,0.05146,217172.0,1702850399999,11162.02464,80,132250.0,6800.06945,0
1702850400000,0.05144,0.05147,0.05129,0.0514,106564.0,1702851299999,5475.52769,85,39138.0,2010.98736,0
1702851300000,0.05142,0.05142,0.05111,0.05111,203189.0,1702852199999,10402.13217,130,57363.0,2938.08483,0
1702852200000,0.05111,0.05111,0.0505,0.0505,875587.0,1702853099999,44467.02837,409,137451.0,6962.70463,0
1702853100000,0.0505,0.05091,0.05046,0.05063,1011089.0,1702853999999,51140.35354,315,481711.0,24395.61673,0
1702854000000,0.05061,0.05064,0.05027,0.05037,780504.0,1702854899999,39337.42277,296,213405.0,10760.54595,0
1702854900000,0.05036,0.05036,0.04945,0.0499,1809265.0,1702855799999,90384.6894,816,869079.0,43442.12181,0
1702855800000,0.04992,0.05009,0.04971,0.04996,1130541.0,1702856699999,56440.99537,468,746750.0,37276.05551,0
1702856700000,0.04997,0.05021,0.04993,0.05014,649517.0,1702857599999,32537.29955,345,474234.0,23762.51892,0
1702857600000,0.05013,0.05049,0.05001,0.05045,1293096.0,1702858499999,64925.40171,736,809897.0,40674.72505,0
1702858500000,0.05042,0.05064,0.05027,0.05055,185769.0,1702859399999,9375.92415,193,106387.0,5371.2565,0
1702859400000,0.05052,0.05064,0.0504,0.05046,136134.0,1702860299999,6883.44679,101,43994.0,2223.11238,0
1702860300000,0.05045,0.05045,0.0502,0.05024,547544.0,1702861199999,27567.62426,312,322822.0,16253.13037,0
1702861200000,0.05028,0.05051,0.05011,0.05046,325948.0,1702862099999,16409.00833,198,210593.0,10604.56213,0
1702862100000,0.05049,0.05049,0.05007,0.05007,94467.0,1702862999999,4753.66404,62,14426.0,727.06343,0
1702863000000,0.0501,0.05013,0.04895,0.0491,1995417.0,1702863899999,98625.7906,957,995329.0,49202.20305,0
1702863900000,0.04915,0.04945,0.0489,0.0489,267682.0,1702864799999,13177.42976,254,96793.0,4771.35371,0
1702864800000,0.04893,0.04933,0.04886,0.0492,214892.0,1702865699999,10553.85258,213,140120.0,6883.52546,0
1702865700000,0.04916,0.04916,0.04858,0.04886,383788.0,1702866599999,18746.11143,246,100535.0,4918.66185,0
1702866600000,0.04888,0.049,0.04836,0.04857,553835.0,1702867499999,26953.01543,494,208002.0,10143.46507,0
1702867500000,0.04863,0.04863,0.04789,0.0481,1194135.0,1702868399999,57512.81917,659,393025.0,18931.51804,0
1702868400000,0.04809,0.04855,0.04792,0.04842,728907.0,1702869299999,35086.17105,419,426866.0,20546.35306,0
1702869300000,0.04851,0.04867,0.04849,0.0486,131551.0,1702870199999,6393.17287,93,71267.0,3463.46053,0
1702870200000,0.04863,0.04869,0.04849,0.04862,145191.0,1702871099999,7056.03073,122,53392.0,2596.2336,0
1702871100000,0.04859,0.0486,0.04843,0.04852,184700.0,1702871999999,8957.96646,101,57093.0,2770.72532,0
1702872000000,0.04852,0.04887,0.04847,0.04874,321669.0,1702872899999,15656.32125,184,249759.0,12159.9886,0
1702872900000,0.04877,0.04897,0.04872,0.04897,159964.0,1702873799999,7815.1622,98,119507.0,5841.52575,0
1702873800000,0.04896,0.04904,0.04884,0.04897,174727.0,1702874699999,8552.69392,127,93875.0,4594.52126,0
1702874700000,0.04889,0.04907,0.04887,0.04901,44537.0,1702875599999,2181.14828,60,23878.0,1169.09551,0
1702875600000,0.04901,0.04901,0.04878,0.04885,146482.0,1702876499999,7160.69616,101,21212.0,1036.95521,0
1702876500000,0.04884,0.04897,0.04881,0.04895,70066.0,1702877399999,3427.04052,39,51158.0,2501.5845,0
1702877400000,0.04891,0.04898,0.04865,0.04865,95775.0,1702878299999,4677.09773,63,36292.0,1771.99667,0
1702878300000,0.04866,0.04873,0.04831,0.04834,306841.0,1702879199999,14870.00965,192,67676.0,3279.03397,0
1702879200000,0.04836,0.04859,0.0483,0.04849,607265.0,1702880099999,29407.06372,250,517189.0,25043.45363,0
1702880100000,0.04847,0.04899,0.0483,0.04897,826185.0,1702880999999,40307.7198,346,487493.0,23775.27861,0
1702881000000,0.04895,0.04896,0.04882,0.04882,444123.0,1702881899999,21724.76693,182,50079.0,2449.33009,0
1702881900000,0.0488,0.049,0.0488,0.04895,154761.0,1702882799999,7571.38211,99,124469.0,6090.01122,0
1702882800000,0.04896,0.04896,0.04868,0.04888,173550.0,1702883699999,8473.61464,167,78756.0,3845.03467,0
1702883700000,0.04889,0.04894,0.0488,0.04883,235618.0,1702884599999,11518.91792,137,153747.0,7517.61675,0
1702884600000,0.04883,0.04898,0.0484,0.04843,310990.0,1702885499999,15164.00953,212,157909.0,7709.20936,0
1702885500000,0.04839,0.04848,0.04795,0.04808,317857.0,1702886399999,15304.75056,268,120250.0,5790.42449,0
1702886400000,0.04807,0.04831,0.0475,0.0476,567337.0,1702887299999,27147.89824,361,228877.0,10979.0405,0
1702887300000,0.04756,0.04815,0.04753,0.04815,793936.0,1702888199999,38075.24456,392,261645.0,12544.41044,0
1702888200000,0.04813,0.04837,0.04799,0.04829,147216.0,1702889099999,7091.7012,156,75463.0,3634.41669,0
1702889100000,0.04828,0.0483,0.04801,0.04803,97249.0,1702889999999,4678.23459,122,39704.0,1909.98007,0
1702890000000,0.04811,0.04815,0.04758,0.04758,535606.0,1702890899999,25699.27889,263,429997.0,20639.41605,0
1702890900000,0.04756,0.0477,0.04687,0.04706,2179032.0,1702891799999,102790.8109,1386,1518411.0,71624.57803,0
1702891800000,0.04701,0.04762,0.04647,0.04754,4750022.0,1702892699999,223351.66567,1806,1792654.0,84606.35439,0
1702892700000,0.04754,0.04773,0.04737,0.04739,324228.0,1702893599999,15406.33643,231,152662.0,7250.8007,0
1702893600000,0.04739,0.04742,0.04666,0.04685,694896.0,1702894499999,32682.96897,399,197060.0,9268.08168,0
1702894500000,0.0468,0.04708,0.04626,0.04638,1598312.0,1702895399999,74535.5127,729,670658.0,31295.68989,0
1702895400000,0.04644,0.04656,0.04572,0.04641,2968229.0,1702896299999,136899.48993,1234,1731592.0,79874.72655,0
1702896300000,0.04643,0.04668,0.04629,0.04665,529721.0,1702897199999,24643.59197,244,252563.0,11756.90357,0
1702897200000,0.04661,0.04726,0.04659,0.04726,316362.0,1702898099999,14839.265,192,220009.0,10319.21999,0
1702898100000,0.04725,0.04729,0.04709,0.04719,135460.0,1702898999999,6394.7403,88,52470.0,2478.7875,0
1702899000000,0.04716,0.04716,0.04688,0.04693,42187.0,1702899899999,1982.67248,49,18004.0,846.22413,0
1702899900000,0.04692,0.0473,0.04688,0.0473,72072.0,1702900799999,3398.04066,59,47498.0,2239.97047,0
1702900800000,0.04724,0.0473,0.047,0.04705,229188.0,1702901699999,10796.87889,113,62803.0,2963.65526,0
1702901700000,0.04702,0.04709,0.04651,0.04709,1056363.0,1702902599999,49506.61168,282,272526.0,12770.68571,0
1702902600000,0.04706,0.04714,0.04695,0.04701,166233.0,1702903499999,7821.53131,97,103467.0,4867.95443,0
1702903500000,0.04702,0.04704,0.0468,0.04692,693905.0,1702904399999,32562.43219,123,147185.0,6912.6852,0
1702904400000,0.04692,0.04741,0.04687,0.04732,1010425.0,1702905299999,47665.60217,337,211078.0,9960.24994,0
1702905300000,0.0473,0.04781,0.04727,0.04781,484944.0,1702906199999,23103.40843,272,309519.0,14746.08635,0
1702906200000,0.04781,0.0482,0.04781,0.04818,1319502.0,1702907099999,63362.56745,399,827938.0,39786.40841,0
1702907100000,0.0482,0.04831,0.04806,0.04829,635107.0,1702907999999,30608.42681,348,278408.0,13418.83605,0
1702908000000,0.04827,0.04832,0.04808,0.0481,124720.0,1702908899999,6012.04226,95,83385.0,4019.65847,0
1702908900000,0.04815,0.04839,0.04815,0.04839,221176.0,1702909799999,10660.71708,91,197557.0,9520.70619,0
1702909800000,0.04834,0.04884,0.04834,0.04884,510003.0,1702910699999,24799.92534,302,334739.0,16273.06498,0
1702910700000,0.04881,0.04882,0.04859,0.04872,564509.0,1702911599999,27509.71808,175,145743.0,7100.84578,0
1702911600000,0.04872,0.04879,0.04825,0.04848,844540.0,1702912499999,40925.5445,458,200944.0,9742.78907,0
1702912500000,0.04844,0.04853,0.04817,0.04817,130325.0,1702913399999,6300.71413,111,72646.0,3512.25276,0
1702913400000,0.04825,0.04843,0.04815,0.04835,163276.0,1702914299999,7884.47598,117,134511.0,6495.62709,0
1702914300000,0.04831,0.04837,0.04805,0.04812,454807.0,1702915199999,21893.004,185,401596.0,19331.17394,0
1702915200000,0.04811,0.04819,0.04779,0.0479,142802.0,1702916099999,6841.77789,110,89546.0,4290.19632,0
1702916100000,0.04797,0.04819,0.04759,0.04809,1043876.0,1702916999999,50094.36255,362,576817.0,27673.31423,0
1702917000000,0.04809,0.0483,0.04809,0.04811,172096.0,1702917899999,8295.21468,129,107670.0,5190.39867,0
1702917900000,0.04812,0.04827,0.04806,0.04817,470137.0,1702918799999,22649.37046,284,185115.0,8915.76319,0
1702918800000,0.04821,0.04824,0.048,0.04803,170681.0,1702919699999,8207.53563,76,57574.0,2770.23227,0
1702919700000,0.04801,0.04823,0.048,0.04823,145755.0,1702920599999,7009.74,82,81022.0,3899.69627,0
1702920600000,0.0482,0.04834,0.04805,0.04811,174235.0,1702921499999,8385.00957,109,38163.0,1841.07743,0
1702921500000,0.04805,0.04818,0.0478,0.04783,244471.0,1702922399999,11709.43921,98,87286.0,4180.72975,0
1702922400000,0.04781,0.04783,0.04763,0.04767,93796.0,1702923299999,4477.84563,50,53331.0,2547.33339,0
1702923300000,0.04762,0.04774,0.04762,0.04767,66011.0,1702924199999,3147.02807,49,31975.0,1525.73478,0
1702924200000,0.0477,0.04789,0.0477,0.04787,134495.0,1702925099999,6437.23934,46,130063.0,6225.20616,0
1702925100000,0.04787,0.04797,0.0477,0.04797,137371.0,1702925999999,6568.88218,75,60523.0,2897.87807,0
1702926000000,0.04798,0.04827,0.04798,0.04814,64623.0,1702926899999,3109.00319,55,47107.0,2265.40018,0
1702926900000,0.04818,0.04852,0.04768,0.04793,2313545.0,1702927799999,111212.29612,482,1088499.0,52454.91172,0
1702927800000,0.04797,0.04906,0.04797,0.04825,5068380.0,1702928699999,245536.50123,1368,4145861.0,201024.46452,0
1702928700000,0.04824,0.04825,0.04801,0.04815,141990.0,1702929599999,6837.73387,100,54293.0,2615.80959,0
1702929600000,0.04815,0.04831,0.04788,0.04793,119498.0,1702930499999,5736.09447,107,52965.0,2542.83427,0
1702930500000,0.04792,0.04795,0.04775,0.04789,465196.0,1702931399999,22256.98112,147,124465.0,5960.19407,0
1702931400000,0.04785,0.04849,0.04785,0.04842,682236.0,1702932299999,32978.11199,265,559713.0,27061.46537,0
1702932300000,0.04843,0.04861,0.04843,0.0486,33579.0,1702933199999,1629.34074,29,17122.0,831.22527,0
1702933200000,0.04857,0.04908,0.04853,0.04908,213426.0,1702934099999,10428.69751,115,112004.0,5470.99112,0
1702934100000,0.04907,0.04925,0.04896,0.04925,475228.0,1702934999999,23345.19614,160,267731.0,13164.69842,0
1702935000000,0.04923,0.04965,0.04921,0.04952,704953.0,1702935899999,34868.12934,239,535342.0,26488.05826,0
1702935900000,0.04947,0.04969,0.04946,0.04965,239147.0,1702936799999,11849.56264,123,168334.0,8341.80174,0
1702936800000,0.04965,0.05004,0.04886,0.04965,1919588.0,1702937699999,95047.22817,647,1074943.0,53428.26508,0
1702937700000,0.04964,0.04978,0.04954,0.04956,365810.0,1702938599999,18165.80344,218,246739.0,12257.24632,0
1702938600000,0.04959,0.04971,0.04941,0.04948,368139.0,1702939499999,18248.87428,233,178880.0,8877.16814,0
1702939500000,0.04953,0.04966,0.04948,0.04961,39919.0,1702940399999,1976.54337,48,6469.0,320.56874,0
1702940400000,0.04963,0.0498,0.0496,0.04972,106065.0,1702941299999,5275.26042,52,80670.0,4013.79367,0
1702941300000,0.04969,0.04973,0.04949,0.04949,46995.0,1702942199999,2331.23078,49,20584.0,1020.85604,0
1702942200000,0.04952,0.04961,0.0494,0.04961,236069.0,1702943099999,11680.79807,108,35965.0,1781.98185,0
1702943100000,0.04957,0.0497,0.04953,0.04968,172806.0,1702943999999,8569.35135,91,94922.0,4709.14097,0
1702944000000,0.04971,0.04971,0.04941,0.04949,224792.0,1702944899999,11136.94638,144,89723.0,4447.56416,0
1702944900000,0.04961,0.04965,0.04944,0.04958,53391.0,1702945799999,2643.51778,45,37995.0,1880.45454,0
1702945800000,0.04957,0.0499,0.04949,0.04988,175146.0,1702946699999,8710.16944,112,74752.0,3718.99654,0
1702946700000,0.04989,0.04992,0.04966,0.0497,149181.0,1702947599999,7423.02903,124,24370.0,1212.31238,0
1702947600000,0.04965,0.04968,0.04946,0.04965,126891.0,1702948499999,6286.66977,86,57278.0,2838.78712,0
1702948500000,0.04964,0.04987,0.04959,0.04983,33044.0,1702949399999,1643.29817,32,16816.0,836.7925,0
1702949400000,0.04978,0.05002,0.04974,0.05002,63525.0,1702950299999,3169.53029,49,51487.0,2569.03082,0
1702950300000,0.05001,0.05048,0.05001,0.05045,308855.0,1702951199999,15530.45245,151,159443.0,8009.47075,0
1702951200000,0.05048,0.0506,0.05026,0.05033,201905.0,1702952099999,10175.71393,105,95303.0,4810.66318,0
1702952100000,0.05037,0.05041,0.05002,0.05002,249530.0,1702952999999,12538.94485,125,160954.0,8094.68929,0
1702953000000,0.05003,0.05019,0.05002,0.05016,426474.0,1702953899999,21358.86416,89,8744.0,438.13644,0
1702953900000,0.05012,0.05021,0.05003,0.05008,252711.0,1702954799999,12662.69004,97,84847.0,4251.71101,0
1702954800000,0.05004,0.05005,0.04992,0.04995,222683.0,1702955699999,11121.33254,69,146251.0,7302.94522,0
1702955700000,0.04998,0.05,0.04994,0.04998,10634.0,1702956599999,531.55776,9,6432.0,321.47136,0
1702956600000,0.04997,0.04998,0.04982,0.04998,142133.0,1702957499999,7089.49655,59,61330.0,3059.83537,0
1702957500000,0.05,0.05008,0.04986,0.04993,96975.0,1702958399999,4847.48646,54,48588.0,2431.74891,0
1702958400000,0.04994,0.05011,0.0499,0.05004,320078.0,1702959299999,16015.99931,170,256176.0,12821.25252,0
1702959300000,0.05004,0.05008,0.04993,0.05,316633.0,1702960199999,15832.35217,189,39867.0,1994.75279,0
1702960200000,0.04999,0.05001,0.04958,0.04966,711928.0,1702961099999,35431.69466,545,163568.0,8125.09781,0
1702961100000,0.04968,0.04987,0.04966,0.04986,220162.0,1702961999999,10963.23882,153,36712.0,1829.23749,0
1702962000000,0.04988,0.04997,0.04962,0.04982,1200328.0,1702962899999,59739.14143,342,679355.0,33848.87506,0
1702962900000,0.04981,0.05003,0.04979,0.05003,252937.0,1702963799999,12620.2456,218,204153.0,10187.22188,0
1702963800000,0.05,0.05005,0.04992,0.04996,294715.0,1702964699999,14730.25772,171,173504.0,8672.46179,0
1702964700000,0.04981,0.04995,0.04978,0.0499,136728.0,1702965599999,6817.61636,93,87512.0,4365.76487,0
1702965600000,0.04994,0.04998,0.04949,0.0495,728671.0,1702966499999,36162.56913,291,180032.0,8943.80353,0
1702966500000,0.0495,0.04981,0.04944,0.04968,531609.0,1702967399999,26403.65261,199,337470.0,16768.70703,0
1702967400000,0.04968,0.04987,0.04968,0.04979,260314.0,1702968299999,12958.26315,141,151862.0,7560.3301,0
1702968300000,0.04976,0.04982,0.04962,0.04965,115144.0,1702969199999,5719.48267,67,72563.0,3604.1311,0
1702969200000,0.04968,0.04987,0.04954,0.04987,197158.0,1702970099999,9786.14368,102,66130.0,3285.624,0
1702970100000,0.04989,0.04989,0.04963,0.04964,209840.0,1702970999999,10433.93992,102,74725.0,3714.95428,0
1702971000000,0.0497,0.05021,0.0496,0.04995,989068.0,1702971899999,49340.43718,333,932771.0,46534.15133,0
1702971900000,0.04997,0.05006,0.04943,0.04975,872099.0,1702972799999,43412.65195,267,253478.0,12660.48087,0
1702972800000,0.04982,0.05004,0.04974,0.04999,604789.0,1702973699999,30162.71284,321,392497.0,19575.78475,0
1702973700000,0.04998,0.05008,0.04995,0.05008,305336.0,1702974599999,15273.72305,189,236939.0,11854.48417,0
1702974600000,0.05011,0.05012,0.04994,0.04995,176278.0,1702975499999,8808.72293,69,116314.0,5812.1728,0
1702975500000,0.04993,0.04996,0.04965,0.04974,463927.0,1702976399999,23100.114,257,157622.0,7855.12938,0
1702976400000,0.04971,0.04978,0.04955,0.04978,570878.0,1702977299999,28315.93023,177,400702.0,19877.37519,0
1702977300000,0.04974,0.04974,0.04947,0.04953,337375.0,1702978199999,16736.01098,223,138805.0,6884.63678,0
1702978200000,0.04953,0.04954,0.04928,0.04938,627607.0,1702979099999,30985.71739,314,266411.0,13158.48661,0
1702979100000,0.04937,0.0496,0.04937,0.04956,378221.0,1702979999999,18735.90123,189,208474.0,10325.59527,0
1702980000000,0.04956,0.04956,0.04938,0.04947,377915.0,1702980899999,18682.54382,208,168259.0,8318.9292,0
1702980900000,0.04946,0.04952,0.0493,0.04952,245443.0,1702981799999,12130.71382,128,156062.0,7714.24968,0
1702981800000,0.0495,0.04986,0.04943,0.04986,392858.0,1702982699999,19467.82439,155,176034.0,8736.3137,0
1702982700000,0.04979,0.0499,0.04924,0.04967,1095789.0,1702983599999,54440.45051,357,381889.0,19018.56024,0
1702983600000,0.04968,0.0498,0.04966,0.04968,168788.0,1702984499999,8391.17134,84,110633.0,5498.18429,0
1702984500000,0.04968,0.04968,0.04959,0.04966,45125.0,1702985399999,2239.06378,39,19915.0,988.41722,0
1702985400000,0.04972,0.04976,0.04966,0.04975,28599.0,1702986299999,1421.79002,28,19854.0,987.08181,0
1702986300000,0.04975,0.04975,0.04956,0.04956,88603.0,1702987199999,4402.13693,58,19196.0,953.37683,0
1702987200000,0.0496,0.04974,0.04955,0.04974,81814.0,1702988099999,4060.35238,48,74685.0,3706.93996,0
1702988100000,0.04978,0.04985,0.04956,0.04964,827395.0,1702988999999,41148.82611,220,690009.0,34319.67395,0
1702989000000,0.04967,0.04972,0.04918,0.04925,973971.0,1702989899999,48128.86114,263,197992.0,9782.8433,0
1702989900000,0.0493,0.04933,0.04907,0.0492,321289.0,1702990799999,15803.22715,121,55588.0,2733.58786,0
1702990800000,0.04924,0.04929,0.04916,0.04916,59964.0,1702991699999,2952.62734,58,18986.0,935.04393,0
1702991700000,0.04924,0.0495,0.04923,0.04935,808081.0,1702992599999,39884.13645,238,734735.0,36264.05884,0
1702992600000,0.04936,0.04948,0.04929,0.0493,146253.0,1702993499999,7222.29655,93,28205.0,1393.38732,0
1702993500000,0.04928,0.04929,0.049,0.049,159118.0,1702994399999,7818.51344,108,58027.0,2853.35816,0
1702994400000,0.049,0.04905,0.04797,0.04836,1699794.0,1702995299999,82393.30789,652,305379.0,14790.28135,0
1702995300000,0.04835,0.04876,0.04833,0.04876,435857.0,1702996199999,21159.55161,210,245289.0,11921.89718,0
1702996200000,0.04877,0.04888,0.04857,0.04857,211672.0,1702997099999,10329.11682,117,93039.0,4543.14375,0
1702997100000,0.04857,0.04868,0.04806,0.04828,611562.0,1702997999999,29500.59842,276,205772.0,9937.0141,0
1702998000000,0.04817,0.04864,0.04791,0.04863,383736.0,1702998899999,18552.16419,179,223302.0,10802.38256,0
1702998900000,0.04856,0.0488,0.04842,0.0488,139330.0,1702999799999,6765.0184,90,83171.0,4041.99776,0
1702999800000,0.04883,0.04884,0.04862,0.04868,219936.0,1703000699999,10712.63029,104,106619.0,5193.27074,0
1703000700000,0.04866,0.04866,0.04835,0.04838,475476.0,1703001599999,23021.11791,202,204883.0,9914.68187,0
1703001600000,0.0484,0.04881,0.04833,0.04876,432838.0,1703002499999,21019.63901,238,301510.0,14652.6552,0
1703002500000,0.04875,0.04875,0.04839,0.04847,747962.0,1703003399999,36359.5132,392,94361.0,4587.23346,0
1703003400000,0.04848,0.04862,0.04839,0.04857,754382.0,1703004299999,36611.99219,502,95968.0,4659.57022,0
1703004300000,0.04857,0.04861,0.04817,0.04836,1521737.0,1703005199999,73716.6667,638,184911.0,8965.06621,0
1703005200000,0.04838,0.04843,0.04789,0.04797,1981550.0,1703006099999,95295.16348,1128,496526.0,23887.93434,0
1703006100000,0.04798,0.04806,0.04748,0.04766,1441944.0,1703006999999,68928.22438,1182,424731.0,20304.72551,0
1703007000000,0.0477,0.04778,0.0474,0.04766,762450.0,1703007899999,36305.88062,618,156207.0,7438.49238,0
1703007900000,0.04766,0.04783,0.04727,0.04731,992326.0,1703008799999,47209.9522,525,251214.0,11941.99523,0
1703008800000,0.04733,0.04753,0.04719,0.04742,694029.0,1703009699999,32871.33282,324,389986.0,18470.27314,0
1703009700000,0.0474,0.04775,0.04735,0.04769,152843.0,1703010599999,7271.86516,175,119880.0,5702.97008,0
1703010600000,0.04769,0.04795,0.04767,0.04786,703649.0,1703011499999,33687.98138,188,637552.0,30531.3302,0
1703011500000,0.0479,0.04801,0.0479,0.04801,127373.0,1703012399999,6108.36718,75,103590.0,4967.76342,0
1703012400000,0.04801,0.04829,0.04791,0.0482,258206.0,1703013299999,12421.17002,159,163070.0,7846.3118,0
1703013300000,0.04822,0.04832,0.04816,0.0483,143437.0,1703014199999,6918.4199,115,75669.0,3651.7598,0
1703014200000,0.04823,0.04846,0.04819,0.04819,159425.0,1703015099999,7709.47417,93,72484.0,3506.35864,0
1703015100000,0.04815,0.04829,0.04806,0.04826,71186.0,1703015999999,3431.35182,51,59090.0,2848.78336,0
1703016000000,0.04829,0.04849,0.04819,0.04846,369455.0,1703016899999,17885.20572,103,302525.0,14645.36634,0
1703016900000,0.04847,0.04851,0.04827,0.04828,103754.0,1703017799999,5015.9372,75,59711.0,2888.89734,0
1703017800000,0.04833,0.04834,0.04788,0.04798,863048.0,1703018699999,41458.74288,223,346602.0,16644.12746,0
1703018700000,0.04796,0.04812,0.04778,0.04786,1360066.0,1703019599999,65208.81898,371,1032117.0,49497.96696,0
1703019600000,0.04782,0.04812,0.04781,0.0481,799157.0,1703020499999,38343.4411,414,592380.0,28425.85476,0
1703020500000,0.04808,0.04821,0.04799,0.04811,384962.0,1703021399999,18521.48822,227,277523.0,13353.63121,0
1703021400000,0.04811,0.04816,0.04801,0.04812,267248.0,1703022299999,12849.42558,241,159571.0,7671.34759,0
1703022300000,0.04812,0.0482,0.04803,0.04819,305770.0,1703023199999,14715.59018,226,235592.0,11338.25153,0
1703023200000,0.04818,0.04821,0.04794,0.04794,618199.0,1703024099999,29720.07776,456,430359.0,20692.63852,0
1703024100000,0.04795,0.04795,0.04767,0.04771,812202.0,1703024999999,38785.9797,546,551495.0,26335.93844,0
1703025000000,0.0477,0.04776,0.04749,0.04751,367882.0,1703025899999,17509.14848,199,170826.0,8129.6794,0
1703025900000,0.04751,0.0477,0.04745,0.0476,137612.0,1703026799999,6539.55055,111,51369.0,2444.57674,0
1703026800000,0.04761,0.04777,0.04751,0.04751,318236.0,1703027699999,15167.65517,140,241526.0,11512.92208,0
1703027700000,0.04753,0.04755,0.04734,0.04752,412824.0,1703028599999,19587.88558,295,342926.0,16272.56404,0
1703028600000,0.04749,0.04773,0.04749,0.04762,176770.0,1703029499999,8415.52378,107,150298.0,7154.84875,0
1703029500000,0.0476,0.04783,0.04754,0.0478,151573.0,1703030399999,7237.21396,91,113910.0,5439.14361,0
1703030400000,0.04776,0.04815,0.0477,0.04815,332239.0,1703031299999,15914.96848,274,280176.0,13422.87484,0
1703031300000,0.04811,0.04819,0.0479,0.04792,150883.0,1703032199999,7250.69449,153,105226.0,5056.38209,0
1703032200000,0.04792,0.04824,0.04792,0.04816,282494.0,1703033099999,13587.23808,157,179703.0,8644.9872,0
1703033100000,0.04819,0.04824,0.04814,0.04824,16464.0,1703033999999,793.63437,23,9089.0,438.2487,0
1703034000000,0.04824,0.04835,0.04819,0.04825,413532.0,1703034899999,19947.45617,143,347404.0,16755.71756,0
1703034900000,0.04825,0.04825,0.04794,0.04794,140923.0,1703035799999,6781.90176,85,74560.0,3588.75938,0
1703035800000,0.04791,0.04802,0.04769,0.04786,190544.0,1703036699999,9112.46629,119,105099.0,5029.75319,0
1703036700000,0.04789,0.0479,0.04744,0.04774,444083.0,1703037599999,21144.27901,187,216954.0,10334.29772,0
1703037600000,0.04772,0.04785,0.04731,0.04749,365782.0,1703038499999,17355.08477,226,170777.0,8107.26767,0
1703038500000,0.04746,0.04783,0.04739,0.04782,420650.0,1703039399999,20037.11777,387,273741.0,13036.02405,0
1703039400000,0.04782,0.04806,0.04782,0.04791,209480.0,1703040299999,10042.51818,168,150650.0,7222.36677,0
1703040300000,0.04789,0.04803,0.04787,0.04803,161485.0,1703041199999,7743.97521,110,114980.0,5513.46034,0
1703041200000,0.04796,0.04809,0.04789,0.04804,150538.0,1703042099999,7228.44696,113,107533.0,5163.81366,0
1703042100000,0.048,0.04806,0.04792,0.04799,135496.0,1703042999999,6498.25147,97,60892.0,2920.74564,0
1703043000000,0.04796,0.04812,0.04793,0.0481,8692820.0,1703043899999,417265.5934,203,8600613.0,412838.63523,0
1703043900000,0.04812,0.04835,0.04801,0.04826,134950.0,1703044799999,6501.19251,123,101845.0,4906.01722,0
1703044800000,0.04823,0.0483,0.04817,0.04826,251569.0,1703045699999,12129.07448,130,155278.0,7485.78724,0
1703045700000,0.04826,0.04878,0.04818,0.04878,502347.0,1703046599999,24377.7251,273,356214.0,17284.68601,0
1703046600000,0.04878,0.04895,0.0487,0.04885,284233.0,1703047499999,13886.57509,165,130882.0,6392.96393,0
1703047500000,0.04886,0.04913,0.04877,0.04899,733017.0,1703048399999,35916.34922,446,606728.0,29731.77951,0
1703048400000,0.04898,0.04902,0.04877,0.04888,427420.0,1703049299999,20884.91419,275,200277.0,9792.78811,0
1703049300000,0.0489,0.04905,0.04888,0.04895,213834.0,1703050199999,10478.24371,125,135093.0,6617.94914,0
1703050200000,0.04895,0.04903,0.0489,0.04895,245874.0,1703051099999,12032.25636,168,163556.0,8004.43663,0
1703051100000,0.04895,0.04921,0.04895,0.04911,336012.0,1703051999999,16508.91689,189,225074.0,11060.17075,0
1703052000000,0.04913,0.04916,0.04892,0.049,239512.0,1703052899999,11750.52759,92,156188.0,7666.58484,0
1703052900000,0.04903,0.04945,0.04894,0.04934,694451.0,1703053799999,34259.17548,210,297395.0,14664.79983,0
1703053800000,0.04931,0.04931,0.04915,0.04915,71687.0,1703054699999,3529.85255,77,11423.0,562.7364,0
1703054700000,0.04914,0.04914,0.04872,0.04891,937120.0,1703055599999,45791.765,202,51381.0,2513.88142,0
1703055600000,0.04896,0.04905,0.0485,0.04884,2121623.0,1703056499999,103485.4902,534,380848.0,18594.103,0
1703056500000,0.04884,0.04889,0.04873,0.04877,236353.0,1703057399999,11533.62587,180,85635.0,4180.28031,0
1703057400000,0.04879,0.04907,0.04876,0.04907,177982.0,1703058299999,8705.70034,128,100309.0,4907.76024,0
1703058300000,0.04908,0.04935,0.04908,0.04935,218834.0,1703059199999,10764.17716,163,126604.0,6229.26722,0
1703059200000,0.04935,0.0495,0.04907,0.04911,238425.0,1703060099999,11761.1259,169,118394.0,5846.48366,0
1703060100000,0.04912,0.04935,0.0491,0.04933,900065.0,1703060999999,44348.1271,285,767410.0,37815.0614,0
1703061000000,0.04935,0.04961,0.04935,0.0495,258135.0,1703061899999,12768.42654,162,217799.0,10771.44968,0
1703061900000,0.04958,0.04961,0.04903,0.04953,768474.0,1703062799999,37957.61959,362,112957.0,5591.5369,0
1703062800000,0.04957,0.04971,0.04938,0.04945,157925.0,1703063699999,7822.95327,117,60226.0,2985.60866,0
1703063700000,0.04956,0.04971,0.04943,0.0497,134417.0,1703064599999,6668.66174,134,80283.0,3982.29979,0
1703064600000,0.04971,0.04974,0.04953,0.04966,567771.0,1703065499999,28157.53937,232,199357.0,9892.79708,0
1703065500000,0.04968,0.04969,0.0494,0.04951,331620.0,1703066399999,16415.59895,226,149897.0,7420.29238,0
1703066400000,0.04951,0.04973,0.04936,0.04964,414994.0,1703067299999,20571.31977,249,174768.0,8669.89166,0
1703067300000,0.04965,0.0498,0.04956,0.04964,827883.0,1703068199999,41141.83471,350,283680.0,14098.10891,0
1703068200000,0.04966,0.04989,0.04961,0.04986,508022.0,1703069099999,25300.41152,305,307988.0,15344.744,0
1703069100000,0.04981,0.04997,0.04973,0.04997,365724.0,1703069999999,18229.9409,202,104633.0,5218.37361,0
1703070000000,0.04995,0.05054,0.04988,0.05044,1898899.0,1703070899999,95434.23302,776,1195251.0,59994.65869,0
1703070900000,0.05041,0.05063,0.05028,0.0503,799204.0,1703071799999,40388.02656,477,435763.0,22029.31773,0
1703071800000,0.05029,0.0503,0.05004,0.05026,482421.0,1703072699999,24198.98568,321,151380.0,7595.49506,0
1703072700000,0.05028,0.05054,0.05028,0.05041,258449.0,1703073599999,13043.06828,168,130536.0,6588.29798,0
1703073600000,0.05045,0.05046,0.05005,0.05011,301731.0,1703074499999,15143.74304,163,49232.0,2471.65166,0
1703074500000,0.05013,0.05043,0.05009,0.05032,224474.0,1703075399999,11293.38315,159,133613.0,6721.0005,0
1703075400000,0.05034,0.05047,0.05007,0.05047,459699.0,1703076299999,23120.15563,296,220318.0,11089.67265,0
1703076300000,0.0505,0.05056,0.05024,0.05044,230552.0,1703077199999,11625.8485,173,101950.0,5143.77211,0
1703077200000,0.05048,0.05079,0.05048,0.05077,348723.0,1703078099999,17671.05639,311,223223.0,11314.89375,0
1703078100000,0.0507,0.05082,0.05064,0.05079,244412.0,1703078999999,12406.84892,153,102573.0,5207.16936,0
1703079000000,0.05078,0.05082,0.05071,0.05077,106808.0,1703079899999,5423.02488,92,39971.0,2029.6156,0
1703079900000,0.05077,0.05135,0.05077,0.05127,860260.0,1703080799999,43917.19439,396,527302.0,26925.76232,0
1703080800000,0.05125,0.05143,0.05081,0.0509,766657.0,1703081699999,39238.55732,463,363677.0,18633.6954,0
1703081700000,0.05091,0.05121,0.05089,0.05119,792741.0,1703082599999,40479.71173,294,605339.0,30918.00006,0
1703082600000,0.0512,0.05139,0.0508,0.05084,971092.0,1703083499999,49624.71908,520,276821.0,14157.40958,0
1703083500000,0.05086,0.05095,0.05056,0.05074,569721.0,1703084399999,28905.67199,424,191630.0,9727.38504,0
1703084400000,0.05076,0.05111,0.05067,0.05111,484468.0,1703085299999,24631.36505,300,213769.0,10874.95975,0
1703085300000,0.05112,0.05132,0.05104,0.05123,218011.0,1703086199999,11159.72782,143,140316.0,7188.64412,0
1703086200000,0.05126,0.05134,0.05099,0.051,566547.0,1703087099999,29026.64925,188,143746.0,7367.95852,0
1703087100000,0.05103,0.05115,0.05086,0.05102,410267.0,1703087999999,20932.59074,117,328953.0,16784.37586,0
1703088000000,0.05102,0.05114,0.05097,0.05106,573717.0,1703088899999,29269.47378,208,182827.0,9329.67594,0
1703088900000,0.05107,0.05113,0.051,0.05112,302798.0,1703089799999,15456.69623,210,164530.0,8401.20214,0
1703089800000,0.05111,0.05135,0.05101,0.05131,278002.0,1703090699999,14240.36947,225,143750.0,7366.79333,0
1703090700000,0.05131,0.05134,0.05066,0.05094,1367426.0,1703091599999,69756.21014,398,176060.0,8976.95402,0
1703091600000,0.05093,0.05131,0.05092,0.05128,489406.0,1703092499999,25062.90601,298,273715.0,14022.53061,0
1703092500000,0.0513,0.05175,0.0513,0.05171,596739.0,1703093399999,30740.50135,307,416871.0,21485.54975,0
1703093400000,0.05172,0.05174,0.0516,0.05162,159860.0,1703094299999,8257.72798,131,66250.0,3421.39041,0
1703094300000,0.05161,0.05179,0.05099,0.05148,1337601.0,1703095199999,68872.9445,492,356468.0,18382.72507,0
1703095200000,0.05152,0.05162,0.0514,0.05156,445671.0,1703096099999,22943.89279,375,160353.0,8257.43172,0
1703096100000,0.05154,0.05157,0.05125,0.05129,369738.0,1703096999999,18999.51022,238,80161.0,4122.51115,0
1703097000000,0.05132,0.05151,0.05132,0.05142,423733.0,1703097899999,21797.69354,193,214744.0,11050.2692,0
1703097900000,0.05141,0.05153,0.05113,0.05126,255768.0,1703098799999,13106.71563,118,65905.0,3388.26104,0
1703098800000,0.05129,0.05136,0.05091,0.05106,212997.0,1703099699999,10892.53595,172,47903.0,2452.60412,0
1703099700000,0.05102,0.05117,0.05102,0.05112,118848.0,1703100599999,6078.55848,81,60091.0,3073.28134,0
1703100600000,0.05114,0.05117,0.05074,0.0508,208391.0,1703101499999,10616.83956,119,29602.0,1508.18581,0
1703101500000,0.05081,0.051,0.0506,0.05062,560031.0,1703102399999,28434.56951,241,228521.0,11608.75169,0
1703102400000,0.05062,0.05075,0.04976,0.05038,998103.0,1703103299999,50112.86036,597,484971.0,24347.72572,0
1703103300000,0.0504,0.05061,0.05032,0.05038,353388.0,1703104199999,17839.46669,100,124364.0,6280.36439,0
1703104200000,0.05039,0.05058,0.05027,0.05047,382610.0,1703105099999,19295.64287,144,148181.0,7481.14505,0
1703105100000,0.05045,0.05045,0.05,0.05001,401874.0,1703105999999,20166.3867,237,160680.0,8064.0075,0
1703106000000,0.05006,0.05026,0.05005,0.05024,258792.0,1703106899999,12980.834,162,108689.0,5452.29909,0
1703106900000,0.05023,0.0506,0.05019,0.05058,333121.0,1703107799999,16783.22553,189,198670.0,10007.70853,0
1703107800000,0.05053,0.05053,0.0502,0.05029,371027.0,1703108699999,18694.03826,186,170817.0,8612.77127,0
1703108700000,0.05035,0.05038,0.04989,0.05016,439640.0,1703109599999,22025.39202,219,177652.0,8908.2504,0
1703109600000,0.05019,0.0504,0.05009,0.05038,141922.0,1703110499999,7124.53936,111,36616.0,1838.45225,0
1703110500000,0.05041,0.05074,0.05041,0.05069,234557.0,1703111399999,11874.7103,111,205451.0,10402.01858,0
1703111400000,0.05067,0.05094,0.05059,0.05061,881536.0,1703112299999,44761.01858,302,584877.0,29719.44657,0
1703112300000,0.0506,0.05067,0.05042,0.05058,255917.0,1703113199999,12938.21798,98,102555.0,5194.186,0
1703113200000,0.05055,0.05055,0.05037,0.05049,171379.0,1703114099999,8649.59793,83,126086.0,6363.9499,0
1703114100000,0.05045,0.05064,0.05045,0.05059,357912.0,1703114999999,18103.43128,133,293993.0,14872.1172,0
1703115000000,0.05059,0.05078,0.05057,0.05076,110774.0,1703115899999,5616.7128,108,38694.0,1961.37492,0
1703115900000,0.05075,0.05081,0.0506,0.05074,305960.0,1703116799999,15533.47469,118,60589.0,3075.13151,0
1703116800000,0.05078,0.05085,0.05059,0.05066,162277.0,1703117699999,8223.34698,115,71649.0,3632.10613,0
1703117700000,0.05065,0.05085,0.05056,0.05077,82121.0,1703118599999,4165.13473,63,48103.0,2441.26622,0
1703118600000,0.0508,0.05113,0.05074,0.05111,281340.0,1703119499999,14355.70718,168,137681.0,7023.26157,0
1703119500000,0.05111,0.05119,0.05094,0.05102,150440.0,1703120399999,7691.80644,129,128385.0,6565.1978,0
1703120400000,0.05103,0.05103,0.05062,0.0507,82921.0,1703121299999,4219.67045,111,28537.0,1451.40227,0
1703121300000,0.05068,0.05102,0.05061,0.05089,614491.0,1703122199999,31285.42769,228,483889.0,24636.82096,0
1703122200000,0.05104,0.05113,0.0508,0.0508,144152.0,1703123099999,7359.11672,121,76042.0,3883.14347,0
1703123100000,0.05082,0.05113,0.05082,0.05108,128725.0,1703123999999,6571.60508,101,90730.0,4631.05837,0
1703124000000,0.05102,0.05102,0.05055,0.05083,114601.0,1703124899999,5820.52044,85,38269.0,1942.07487,0
1703124900000,0.05089,0.05118,0.05087,0.05106,128522.0,1703125799999,6562.59213,76,104745.0,5348.04126,0
1703125800000,0.05107,0.05141,0.05107,0.05119,315260.0,1703126699999,16171.75991,166,245209.0,12580.89653,0
1703126700000,0.05119,0.05119,0.05092,0.05102,95660.0,1703127599999,4882.73715,86,22583.0,1152.04277,0
1703127600000,0.05104,0.05119,0.05094,0.05117,178118.0,1703128499999,9105.42617,98,69041.0,3526.64327,0
1703128500000,0.05119,0.05153,0.05115,0.05134,834912.0,1703129399999,42911.84659,416,350284.0,17994.20667,0
1703129400000,0.05133,0.05134,0.05099,0.05103,378464.0,1703130299999,19353.86583,146,12877.0,659.43303,0
1703130300000,0.05101,0.05118,0.05099,0.05111,160801.0,1703131199999,8214.37116,86,74060.0,3784.27324,0
1703131200000,0.0511,0.05118,0.05062,0.05093,619936.0,1703132099999,31619.29766,301,286595.0,14618.07703,0
1703132100000,0.05096,0.05109,0.05089,0.05102,303844.0,1703132999999,15491.21447,132,185569.0,9463.46496,0
1703133000000,0.05095,0.05113,0.05095,0.05101,159735.0,1703133899999,8157.46478,95,119925.0,6125.5887,0
1703133900000,0.05106,0.05106,0.05075,0.05083,449539.0,1703134799999,22865.58451,164,69515.0,3533.645,0
1703134800000,0.05082,0.05082,0.05056,0.05065,628888.0,1703135699999,31849.76222,176,167789.0,8501.53671,0
1703135700000,0.05065,0.05094,0.05065,0.05085,350333.0,1703136599999,17817.27079,100,86108.0,4377.29323,0
1703136600000,0.05084,0.05088,0.05064,0.05076,104841.0,1703137499999,5324.75777,68,57025.0,2897.50359,0
1703137500000,0.05075,0.05088,0.05063,0.05086,121154.0,1703138399999,6148.85786,114,77065.0,3912.22198,0
1703138400000,0.05082,0.05101,0.05079,0.05086,315175.0,1703139299999,16034.54028,145,163757.0,8335.07444,0
1703139300000,0.05087,0.05103,0.05084,0.051,255332.0,1703140199999,12996.40525,73,208521.0,10610.19314,0
1703140200000,0.05099,0.0517,0.05099,0.05153,2036494.0,1703141099999,104760.45429,773,1567847.0,80609.36217,0
1703141100000,0.05149,0.05158,0.05134,0.05152,164088.0,1703141999999,8447.29181,132,121085.0,6234.15024,0
1703142000000,0.05152,0.05152,0.05116,0.05123,263834.0,1703142899999,13541.52249,141,73278.0,3752.65433,0
1703142900000,0.05124,0.05139,0.05124,0.05135,45570.0,1703143799999,2338.89855,49,19433.0,997.11853,0
1703143800000,0.05136,0.05136,0.05112,0.05128,357260.0,1703144699999,18299.79966,203,66170.0,3389.12904,0
1703144700000,0.0513,0.05142,0.05126,0.05126,226046.0,1703145599999,11608.34951,223,134909.0,6929.16668,0
1703145600000,0.05124,0.05147,0.05114,0.05139,582422.0,1703146499999,29872.46525,297,357710.0,18355.58844,0
1703146500000,0.0514,0.0516,0.05132,0.05147,483915.0,1703147399999,24911.56099,435,245274.0,12623.01738,0
1703147400000,0.05144,0.05171,0.05103,0.0514,986188.0,1703148299999,50664.4278,487,367507.0,18897.57502,0
1703148300000,0.05141,0.0515,0.05118,0.0512,487869.0,1703149199999,25036.06714,255,244640.0,12553.45817,0
1703149200000,0.05122,0.05146,0.05116,0.05144,515184.0,1703150099999,26399.4716,265,343902.0,17624.14221,0
1703150100000,0.05144,0.05154,0.05097,0.05123,681653.0,1703150999999,34997.73892,299,357249.0,18341.4756,0
1703151000000,0.05122,0.05165,0.05115,0.05149,549059.0,1703151899999,28257.45063,390,368654.0,18966.43553,0
1703151900000,0.05148,0.05184,0.0514,0.05174,1741824.0,1703152799999,89908.93632,567,1160300.0,59867.09805,0
1703152800000,0.05179,0.05193,0.05169,0.05171,397280.0,1703153699999,20572.21389,223,276418.0,14312.98178,0
1703153700000,0.05171,0.05181,0.05164,0.0517,477726.0,1703154599999,24695.29446,238,311174.0,16084.22002,0
1703154600000,0.05168,0.05171,0.0515,0.05163,389817.0,1703155499999,20116.45859,262,226630.0,11698.56931,0
1703155500000,0.05162,0.05194,0.0516,0.05188,970795.0,1703156399999,50279.80689,533,662365.0,34297.76403,0
1703156400000,0.05187,0.05203,0.05151,0.05199,919057.0,1703157299999,47583.50525,421,345191.0,17885.27319,0
1703157300000,0.05199,0.05245,0.05195,0.052,1601953.0,1703158199999,83549.87659,885,940438.0,49081.78109,0
1703158200000,0.05198,0.05223,0.05193,0.052,448618.0,1703159099999,23358.72879,303,280435.0,14604.71441,0
1703159100000,0.05203,0.05214,0.05188,0.05188,438110.0,1703159999999,22770.06507,226,45923.0,2385.30406,0
1703160000000,0.05196,0.05217,0.05196,0.05211,329167.0,1703160899999,17147.60912,410,66396.0,3457.89465,0
1703160900000,0.05211,0.05215,0.05109,0.05203,1615768.0,1703161799999,83687.68745,723,369392.0,19176.219,0
1703161800000,0.05204,0.0522,0.05191,0.05204,437037.0,1703162699999,22750.40772,236,188373.0,9813.74526,0
1703162700000,0.05201,0.05201,0.05128,0.05172,587287.0,1703163599999,30346.80281,324,98177.0,5086.08061,0
1703163600000,0.05172,0.05176,0.05142,0.05165,448301.0,1703164499999,23116.45502,256,128440.0,6632.26677,0
1703164500000,0.05165,0.05177,0.05163,0.05169,231770.0,1703165399999,11979.86716,141,202603.0,10472.41591,0
1703165400000,0.05171,0.05182,0.05169,0.05177,105751.0,1703166299999,5475.70781,50,71765.0,3715.99732,0
1703166300000,0.05184,0.05189,0.05174,0.05178,135990.0,1703167199999,7048.89778,80,92684.0,4804.96772,0
1703167200000,0.0518,0.05185,0.05107,0.05112,1618126.0,1703168099999,83339.62902,500,514146.0,26522.18921,0
1703168100000,0.05116,0.05147,0.05104,0.05112,964896.0,1703168999999,49487.26508,477,446326.0,22913.87931,0
1703169000000,0.05123,0.05126,0.0506,0.05092,1363621.0,1703169899999,69449.66342,573,560121.0,28475.55236,0
1703169900000,0.05092,0.05128,0.05092,0.051,556867.0,1703170799999,28458.02416,328,317582.0,16241.57941,0
1703170800000,0.051,0.0514,0.05076,0.05136,344974.0,1703171699999,17647.23597,225,254788.0,13046.43178,0
1703171700000,0.05139,0.05143,0.05113,0.05133,278090.0,1703172599999,14253.76429,145,47792.0,2452.92615,0
1703172600000,0.05131,0.05133,0.05115,0.0512,54307.0,1703173499999,2781.50292,68,25963.0,1330.43211,0
1703173500000,0.05117,0.05125,0.05099,0.05125,381475.0,1703174399999,19496.7784,153,246555.0,12606.25871,0
1703174400000,0.05124,0.05146,0.05124,0.05134,334023.0,1703175299999,17147.36599,137,233649.0,11996.57182,0
1703175300000,0.05136,0.0514,0.0511,0.0511,486085.0,1703176199999,24929.18209,159,367621.0,18858.92872,0
1703176200000,0.0511,0.0511,0.05088,0.05088,152991.0,1703177099999,7797.28452,96,27047.0,1377.91671,0
1703177100000,0.05095,0.05122,0.05086,0.05122,94487.0,1703177999999,4814.90167,66,63908.0,3257.10075,0
1703178000000,0.05121,0.05121,0.05099,0.05109,210767.0,1703178899999,10760.07008,107,52321.0,2673.06443,0
1703178900000,0.05114,0.05128,0.05104,0.05124,293721.0,1703179799999,15022.02233,164,44561.0,2279.99684,0
1703179800000,0.05121,0.05144,0.05121,0.0513,94683.0,1703180699999,4861.7616,97,45729.0,2347.20779,0
1703180700000,0.05131,0.05137,0.0512,0.05125,51036.0,1703181599999,2615.05503,48,28063.0,1438.03444,0
1703181600000,0.05129,0.05144,0.05128,0.05139,109262.0,1703182499999,5612.98716,71,43532.0,2236.86833,0
1703182500000,0.05146,0.05173,0.05145,0.05173,545934.0,1703183399999,28187.38868,180,376547.0,19440.72358,0
1703183400000,0.05172,0.05175,0.05099,0.05168,843184.0,1703184299999,43419.39759,395,362381.0,18703.91554,0
1703184300000,0.05172,0.05172,0.05132,0.05145,284368.0,1703185199999,14659.41878,160,86244.0,4438.03301,0
1703185200000,0.05147,0.05161,0.05136,0.05136,182918.0,1703186099999,9414.85793,112,47058.0,2423.05466,0
1703186100000,0.05143,0.05143,0.05115,0.0512,454276.0,1703186999999,23288.71566,170,95306.0,4882.98175,0
1703187000000,0.0512,0.05144,0.0512,0.05135,118150.0,1703187899999,6062.56611,90,77947.0,3998.41863,0
1703187900000,0.05134,0.05156,0.0513,0.05156,61255.0,1703188799999,3148.831,42,36289.0,1865.73705,0
1703188800000,0.05154,0.05171,0.05154,0.05162,108015.0,1703189699999,5576.95384,88,34592.0,1785.95029,0
1703189700000,0.05163,0.05167,0.05146,0.05157,110144.0,1703190599999,5677.96201,97,54376.0,2802.85669,0
1703190600000,0.05161,0.05171,0.05157,0.05167,306322.0,1703191499999,15820.30915,164,218232.0,11271.83084,0
1703191500000,0.05168,0.0518,0.05164,0.0518,265035.0,1703192399999,13713.08345,174,130589.0,6756.17922,0
1703192400000,0.0518,0.0518,0.05161,0.05166,372674.0,1703193299999,19253.00622,297,106798.0,5517.47785,0
1703193300000,0.05163,0.05172,0.05141,0.05153,392156.0,1703194199999,20227.77941,196,127601.0,6580.06178,0
1703194200000,0.05153,0.05166,0.05136,0.05162,185767.0,1703195099999,9573.30089,89,115489.0,5953.26885,0
1703195100000,0.05157,0.05166,0.05152,0.05164,117963.0,1703195999999,6085.86215,75,49259.0,2542.35795,0
1703196000000,0.0516,0.05171,0.05144,0.05166,177187.0,1703196899999,9145.78294,91,117982.0,6090.53084,0
1703196900000,0.05165,0.05178,0.05165,0.05174,199091.0,1703197799999,10293.11065,77,152920.0,7905.63483,0
1703197800000,0.05172,0.05172,0.05153,0.05158,112107.0,1703198699999,5781.06155,70,54586.0,2815.68591,0
1703198700000,0.05158,0.05162,0.05154,0.05158,16859.0,1703199599999,869.79254,12,11096.0,572.5202,0
1703199600000,0.05157,0.05161,0.05143,0.05147,505130.0,1703200499999,26032.80656,224,235447.0,12139.70181,0
1703200500000,0.05149,0.05156,0.05132,0.05137,272901.0,1703201399999,14028.82532,150,48433.0,2490.35203,0
1703201400000,0.05138,0.05138,0.05121,0.05128,351439.0,1703202299999,18023.74853,155,51303.0,2630.57764,0
1703202300000,0.05128,0.05133,0.05125,0.05133,79892.0,1703203199999,4097.99655,59,54356.0,2788.23983,0
1703203200000,0.05132,0.05156,0.05117,0.05122,427923.0,1703204099999,21981.13904,238,250412.0,12878.80687,0
1703204100000,0.05123,0.05151,0.05105,0.05151,637931.0,1703204999999,32685.5805,272,357799.0,18347.61957,0
1703205000000,0.05151,0.05168,0.0515,0.05166,268876.0,1703205899999,13871.03467,111,146544.0,7564.10993,0
1703205900000,0.05168,0.05168,0.05148,0.0516,106303.0,1703206799999,5479.79336,75,22845.0,1177.67948,0
1703206800000,0.05167,0.05173,0.05163,0.0517,152393.0,1703207699999,7877.55906,84,121692.0,6290.45361,0
1703207700000,0.05167,0.0518,0.05164,0.05178,197174.0,1703208599999,10205.33326,97,164543.0,8515.97069,0
1703208600000,0.05177,0.05191,0.05174,0.05191,333076.0,1703209499999,17269.58901,160,146461.0,7595.7839,0
1703209500000,0.05191,0.05193,0.05169,0.05182,223773.0,1703210399999,11596.57123,125,94081.0,4874.5345,0
1703210400000,0.05182,0.05184,0.05163,0.05166,128296.0,1703211299999,6636.73608,78,26479.0,1369.67569,0
1703211300000,0.05167,0.05169,0.05126,0.05126,1434000.0,1703212199999,73753.07526,443,450966.0,23183.77386,0
1703212200000,0.05127,0.05147,0.05123,0.05142,195650.0,1703213099999,10037.14544,120,56877.0,2920.5284,0
1703213100000,0.0514,0.05144,0.05099,0.05107,323672.0,1703213999999,16565.27712,172,48992.0,2512.65714,0
1703214000000,0.05108,0.05121,0.051,0.05103,197252.0,1703214899999,10078.2852,135,91458.0,4674.75192,0
1703214900000,0.05103,0.05121,0.0509,0.05103,329402.0,1703215799999,16814.71829,212,201325.0,10276.55645,0
1703215800000,0.05103,0.05124,0.0509,0.0512,487521.0,1703216699999,24908.23378,192,341342.0,17450.55719,0
1703216700000,0.05125,0.05154,0.05121,0.05151,515987.0,1703217599999,26522.60308,256,328681.0,16896.91712,0
1703217600000,0.0515,0.0515,0.05121,0.05125,238500.0,1703218499999,12231.08828,116,30409.0,1560.49961,0
1703218500000,0.0513,0.05132,0.05116,0.0513,71951.0,1703219399999,3687.13221,51,32419.0,1662.13008,0
1703219400000,0.05137,0.05141,0.05132,0.05132,250643.0,1703220299999,12874.32814,123,70707.0,3631.0714,0
1703220300000,0.05137,0.05169,0.05134,0.05169,529950.0,1703221199999,27318.10456,217,314129.0,16176.17353,0
1703221200000,0.05165,0.0517,0.0516,0.05167,193854.0,1703222099999,10013.30548,122,129531.0,6691.12303,0
1703222100000,0.05165,0.05191,0.05165,0.05182,308679.0,1703222999999,15994.29943,149,235569.0,12207.66758,0
1703223000000,0.05182,0.05184,0.05173,0.05177,213926.0,1703223899999,11077.06707,140,162865.0,8432.84891,0
1703223900000,0.05183,0.05186,0.05152,0.05166,350580.0,1703224799999,18099.85324,226,149622.0,7724.60653,0
1703224800000,0.05164,0.05168,0.05143,0.05143,389563.0,1703225699999,20082.39702,211,238911.0,12312.28548,0
1703225700000,0.05145,0.05172,0.05136,0.05166,612015.0,1703226599999,31569.71741,325,497896.0,25681.85067,0
1703226600000,0.05162,0.05188,0.05125,0.05127,931445.0,1703227499999,48088.70772,601,603751.0,31190.39164,0
1703227500000,0.05128,0.05148,0.05074,0.05098,1189572.0,1703228399999,60777.84786,901,672170.0,34350.09415,0
1703228400000,0.05096,0.05118,0.05068,0.05115,1518123.0,1703229299999,77394.33686,894,718472.0,36647.34519,0
1703229300000,0.05116,0.05125,0.05076,0.05106,521715.0,1703230199999,26641.75155,321,308020.0,15735.90196,0
1703230200000,0.05105,0.05114,0.05062,0.05074,753828.0,1703231099999,38270.13742,431,270408.0,13731.31866,0
1703231100000,0.05077,0.05106,0.05069,0.05104,663851.0,1703231999999,33806.46731,319,500168.0,25472.4991,0
1703232000000,0.05103,0.05168,0.051,0.05168,418889.0,1703232899999,21488.29416,369,162147.0,8317.72933,0
1703232900000,0.05169,0.05183,0.05162,0.0518,495208.0,1703233799999,25617.56472,317,299627.0,15503.16488,0
1703233800000,0.0518,0.05189,0.05138,0.05148,402702.0,1703234699999,20787.66279,295,100853.0,5199.3462,0
1703234700000,0.05145,0.05223,0.05145,0.05186,679752.0,1703235599999,35292.87565,415,400500.0,20773.19679,0
1703235600000,0.05194,0.05195,0.05161,0.05167,349558.0,1703236499999,18100.70196,250,202061.0,10465.2918,0
1703236500000,0.05166,0.0522,0.05121,0.05207,1012748.0,1703237399999,52467.10307,516,691925.0,35933.52269,0
1703237400000,0.05213,0.05218,0.05188,0.05206,486159.0,1703238299999,25316.12528,324,175413.0,9132.18436,0
1703238300000,0.05206,0.05218,0.05193,0.05206,364171.0,1703239199999,18956.11587,257,146236.0,7615.89476,0
1703239200000,0.05205,0.05212,0.05174,0.05203,1042908.0,1703240099999,54218.78455,321,401682.0,20866.31116,0
1703240100000,0.05206,0.05236,0.0518,0.05235,611307.0,1703240999999,31793.25067,338,314184.0,16338.61893,0
1703241000000,0.05235,0.05257,0.05223,0.05244,298223.0,1703241899999,15633.81103,215,136614.0,7163.34375,0
1703241900000,0.05243,0.05244,0.05222,0.05226,194655.0,1703242799999,10179.08053,100,59327.0,3102.53255,0
1703242800000,0.05225,0.05244,0.05178,0.05241,1283751.0,1703243699999,66906.48864,401,438744.0,22889.88545,0
1703243700000,0.05241,0.05254,0.05233,0.05254,193145.0,1703244599999,10126.94601,105,62817.0,3295.79351,0
1703244600000,0.05254,0.05258,0.05244,0.05253,322164.0,1703245499999,16926.08589,137,199969.0,10508.13041,0
1703245500000,0.05255,0.05278,0.05255,0.05259,397675.0,1703246399999,20942.58017,266,218784.0,11523.39828,0
1703246400000,0.0526,0.05274,0.05214,0.05215,1324975.0,1703247299999,69550.41754,409,361144.0,18983.36562,0
1703247300000,0.05217,0.05249,0.05216,0.05239,256674.0,1703248199999,13433.47383,196,98683.0,5163.82443,0
1703248200000,0.05238,0.05266,0.05237,0.05259,134125.0,1703249099999,7048.64361,105,61966.0,3255.31797,0
1703249100000,0.0526,0.05268,0.0523,0.05236,795277.0,1703249999999,41716.34919,269,144744.0,7584.33235,0
1703250000000,0.05234,0.05262,0.05228,0.05253,298020.0,1703250899999,15602.53357,129,211038.0,11041.60511,0
1703250900000,0.05255,0.05271,0.05252,0.05263,145015.0,1703251799999,7632.99103,181,94119.0,4954.20681,0
1703251800000,0.05263,0.05293,0.0525,0.05293,407861.0,1703252699999,21526.56496,213,163730.0,8637.03272,0
1703252700000,0.05288,0.05355,0.05259,0.05289,7312325.0,1703253599999,388420.04236,1648,4286966.0,227585.9695,0
1703253600000,0.05292,0.05293,0.05257,0.05258,398820.0,1703254499999,21049.04962,240,136365.0,7197.77111,0
1703254500000,0.05259,0.05268,0.05207,0.05216,473183.0,1703255399999,24769.71838,285,133397.0,6997.73666,0
1703255400000,0.05219,0.05296,0.05216,0.05269,914004.0,1703256299999,48126.67784,368,693573.0,36494.8255,0
1703256300000,0.05269,0.05284,0.05259,0.05278,543546.0,1703257199999,28623.77164,172,463629.0,24411.55445,0
1703257200000,0.05278,0.05281,0.05263,0.05277,93052.0,1703258099999,4906.46977,80,38794.0,2044.96854,0
1703258100000,0.05274,0.05302,0.05258,0.05295,196508.0,1703258999999,10365.79701,165,84688.0,4474.83333,0
1703259000000,0.05302,0.05327,0.05297,0.05324,621273.0,1703259899999,33010.10521,323,376317.0,19996.55031,0
1703259900000,0.05326,0.05338,0.05314,0.05328,620354.0,1703260799999,33061.91857,246,443545.0,23649.91326,0
1703260800000,0.05327,0.05358,0.05309,0.05317,962805.0,1703261699999,51349.9303,557,377138.0,20106.16336,0
1703261700000,0.05316,0.05337,0.05316,0.05337,419233.0,1703262599999,22333.48613,310,160346.0,8542.63106,0
1703262600000,0.05338,0.0534,0.05286,0.05291,698498.0,1703263499999,37063.82256,465,192355.0,10210.04513,0
1703263500000,0.0529,0.0529,0.05262,0.05277,443135.0,1703264399999,23374.33876,240,104384.0,5506.99869,0
1703264400000,0.0528,0.05312,0.0528,0.0529,332646.0,1703265299999,17622.63156,215,190839.0,10105.56463,0
1703265300000,0.05289,0.05298,0.05287,0.05289,109098.0,1703266199999,5772.50868,69,47976.0,2538.86458,0
1703266200000,0.05286,0.0529,0.05272,0.05289,186680.0,1703267099999,9856.6202,105,108182.0,5712.95929,0
1703267100000,0.05289,0.05291,0.05282,0.0529,116290.0,1703267999999,6146.58349,94,26048.0,1376.6267,0
1703268000000,0.05291,0.05298,0.05282,0.05295,141424.0,1703268899999,7484.30642,88,99321.0,5256.71151,0
1703268900000,0.05295,0.05307,0.05294,0.05301,77762.0,1703269799999,4121.55233,72,44103.0,2337.81916,0
1703269800000,0.053,0.0532,0.05297,0.05309,320024.0,1703270699999,16986.00162,197,238281.0,12646.80003,0
1703270700000,0.0531,0.05314,0.05295,0.053,156720.0,1703271599999,8310.15992,91,83622.0,4434.80708,0
1703271600000,0.05297,0.05297,0.05275,0.05275,342237.0,1703272499999,18090.2835,122,98827.0,5216.50874,0
1703272500000,0.05276,0.05279,0.05256,0.0527,597886.0,1703273399999,31496.78116,273,406054.0,21397.50267,0
1703273400000,0.05271,0.0528,0.05259,0.05261,124084.0,1703274299999,6537.15509,80,85728.0,4517.10432,0
1703274300000,0.05259,0.05268,0.05249,0.05265,206979.0,1703275199999,10882.64721,161,176933.0,9303.42214,0
1703275200000,0.05262,0.05284,0.05262,0.05273,177688.0,1703276099999,9372.77536,138,96828.0,5105.69304,0
1703276100000,0.05278,0.05294,0.05275,0.05291,174625.0,1703276999999,9229.38042,112,133622.0,7061.65112,0
1703277000000,0.05292,0.05296,0.05267,0.05282,321589.0,1703277899999,16970.04573,200,173497.0,9160.5045,0
1703277900000,0.05282,0.05287,0.05275,0.05279,91785.0,1703278799999,4847.30508,96,74630.0,3941.51374,0
1703278800000,0.05281,0.05289,0.05272,0.05288,76642.0,1703279699999,4047.15645,84,61947.0,3271.21378,0
1703279700000,0.05288,0.05297,0.05282,0.05293,153429.0,1703280599999,8117.20845,103,63464.0,3358.11882,0
1703280600000,0.05291,0.05301,0.0528,0.05295,131427.0,1703281499999,6953.24577,113,61648.0,3264.03659,0
1703281500000,0.05297,0.05298,0.05287,0.05288,38930.0,1703282399999,2059.70243,46,14497.0,766.90083,0
1703282400000,0.05288,0.05292,0.05258,0.0527,362277.0,1703283299999,19101.68393,154,56112.0,2961.34187,0
1703283300000,0.0527,0.05279,0.0527,0.05278,60809.0,1703284199999,3206.75889,57,35907.0,1893.75221,0
1703284200000,0.05281,0.05308,0.05276,0.05307,324086.0,1703285099999,17152.10603,143,279160.0,14774.77321,0
1703285100000,0.05304,0.05304,0.0528,0.05292,85684.0,1703285999999,4540.00672,50,12889.0,681.15077,0
1703286000000,0.05295,0.05322,0.05282,0.05316,345162.0,1703286899999,18305.67968,145,213330.0,11322.67706,0
1703286900000,0.05317,0.05322,0.0531,0.05321,79736.0,1703287799999,4239.12581,65,55584.0,2955.22981,0
1703287800000,0.0532,0.05336,0.05318,0.05324,169458.0,1703288699999,9029.24261,109,122050.0,6503.38994,0
1703288700000,0.05324,0.0533,0.05315,0.05321,230469.0,1703289599999,12265.92808,113,108181.0,5756.80929,0
1703289600000,0.05326,0.05327,0.05301,0.05327,185272.0,1703290499999,9848.95472,134,148807.0,7911.28061,0
1703290500000,0.05326,0.05326,0.05301,0.05306,373266.0,1703291399999,19839.68584,189,160283.0,8513.96691,0
1703291400000,0.05305,0.05313,0.05271,0.05292,434297.0,1703292299999,22969.68881,308,138322.0,7316.33501,0
1703292300000,0.05293,0.05306,0.05274,0.05278,95874.0,1703293199999,5070.28586,127,48941.0,2587.83478,0
1703293200000,0.05278,0.05294,0.0526,0.0526,552005.0,1703294099999,29105.70781,205,146969.0,7753.85501,0
1703294100000,0.0526,0.05262,0.05205,0.05215,1171535.0,1703294999999,61200.11614,493,264504.0,13826.36182,0
1703295000000,0.05214,0.05247,0.05212,0.05238,224035.0,1703295899999,11720.53007,180,132492.0,6930.74401,0
1703295900000,0.05244,0.05249,0.05118,0.05178,1076766.0,1703296799999,55751.91375,580,307524.0,15942.93472,0
1703296800000,0.0518,0.05199,0.05101,0.05181,2072890.0,1703297699999,106966.04494,647,605526.0,31315.32654,0
1703297700000,0.05182,0.05199,0.0516,0.05167,513230.0,1703298599999,26595.00442,217,182710.0,9473.08883,0
1703298600000,0.05176,0.05177,0.05157,0.05161,319158.0,1703299499999,16472.4139,133,236367.0,12197.14451,0
1703299500000,0.0516,0.05166,0.05127,0.05135,337423.0,1703300399999,17368.01006,253,150328.0,7740.51158,0
1703300400000,0.05135,0.05167,0.05118,0.05162,148410.0,1703301299999,7635.18317,146,75505.0,3888.5043,0
1703301300000,0.05164,0.05165,0.05146,0.05163,148818.0,1703302199999,7671.16393,83,52530.0,2709.79624,0
1703302200000,0.05155,0.05163,0.05127,0.05127,134614.0,1703303099999,6929.87918,73,25671.0,1321.92182,0
1703303100000,0.0513,0.05134,0.05081,0.05103,341201.0,1703303999999,17409.07427,274,132395.0,6756.06086,0
1703304000000,0.05103,0.05106,0.05054,0.05092,616984.0,1703304899999,31367.98983,363,228419.0,11611.09888,0
1703304900000,0.05099,0.05113,0.05088,0.05102,214489.0,1703305799999,10936.59327,178,75595.0,3854.82139,0
1703305800000,0.05101,0.05101,0.05076,0.0508,144878.0,1703306699999,7366.52988,84,47615.0,2421.71684,0
1703306700000,0.0508,0.05113,0.0508,0.05113,74728.0,1703307599999,3808.68773,81,62042.0,3162.19991,0
1703307600000,0.0511,0.05148,0.05106,0.05143,349725.0,1703308499999,17930.7644,219,249630.0,12803.86092,0
1703308500000,0.05144,0.05155,0.05143,0.05151,136079.0,1703309399999,7007.74102,102,80746.0,4158.11683,0
1703309400000,0.05151,0.05159,0.05146,0.05146,160553.0,1703310299999,8269.37704,57,40511.0,2088.85893,0
1703310300000,0.05146,0.05154,0.05146,0.05154,58298.0,1703311199999,3002.89726,37,46678.0,2404.33081,0
1703311200000,0.0516,0.0516,0.05146,0.05154,219200.0,1703312099999,11300.02553,76,185457.0,9561.38091,0
1703312100000,0.05154,0.05166,0.05147,0.05157,87286.0,1703312999999,4498.36974,47,41115.0,2118.91177,0
1703313000000,0.05156,0.05165,0.05127,0.05139,494067.0,1703313899999,25401.4542,206,130743.0,6721.40852,0
1703313900000,0.05141,0.05146,0.05134,0.05141,51471.0,1703314799999,2645.4815,48,24416.0,1255.04947,0
1703314800000,0.05148,0.05161,0.05145,0.05156,144277.0,1703315699999,7435.41385,84,95639.0,4929.37012,0
1703315700000,0.05153,0.05153,0.05118,0.05123,277875.0,1703316599999,14244.9171,148,57049.0,2925.80661,0
1703316600000,0.05123,0.05132,0.05119,0.05131,105260.0,1703317499999,5394.02772,87,44913.0,2302.00928,0
1703317500000,0.05126,0.05136,0.0512,0.0512,223468.0,1703318399999,11462.57925,78,95297.0,4888.51343,0
1703318400000,0.05123,0.05133,0.05119,0.05132,179297.0,1703319299999,9188.5271,76,58252.0,2986.22609,0
1703319300000,0.05129,0.05135,0.05122,0.0513,113657.0,1703320199999,5830.79239,59,67725.0,3475.18225,0
1703320200000,0.05128,0.05137,0.05126,0.05134,112018.0,1703321099999,5747.33919,80,96433.0,4947.99792,0
1703321100000,0.05134,0.05147,0.0513,0.05147,394119.0,1703321999999,20244.48401,152,200643.0,10312.12844,0
1703322000000,0.05146,0.05164,0.05138,0.05164,275277.0,1703322899999,14179.09391,110,241560.0,12442.3546,0
1703322900000,0.05163,0.05167,0.05159,0.05167,58262.0,1703323799999,3007.69142,45,26930.0,1390.29708,0
1703323800000,0.05161,0.05168,0.05155,0.05164,413488.0,1703324699999,21352.92366,161,217584.0,11234.3991,0
1703324700000,0.05163,0.05181,0.05156,0.05179,542014.0,1703325599999,28048.6693,145,491794.0,25455.07523,0
1703325600000,0.05179,0.05182,0.05163,0.05163,257552.0,1703326499999,13321.72683,174,52765.0,2730.13587,0
1703326500000,0.05163,0.05188,0.05154,0.05182,567031.0,1703327399999,29330.50974,240,376369.0,19480.68831,0
1703327400000,0.05184,0.05191,0.05169,0.05185,555566.0,1703328299999,28787.03331,298,285501.0,14793.90359,0
1703328300000,0.05185,0.05197,0.05184,0.0519,126047.0,1703329199999,6542.91992,101,63058.0,3274.28525,0
1703329200000,0.0519,0.0519,0.05165,0.05176,220390.0,1703330099999,11403.46035,155,60352.0,3123.42634,0
1703330100000,0.05175,0.0518,0.05172,0.05178,125762.0,1703330999999,6511.94848,93,41341.0,2140.42017,0
1703331000000,0.05182,0.05188,0.05162,0.05188,134761.0,1703331899999,6975.94925,122,57738.0,2988.47421,0
1703331900000,0.05192,0.05233,0.05191,0.05222,1459278.0,1703332799999,76057.10792,550,1113355.0,58030.00421,0
1703332800000,0.05222,0.0525,0.05209,0.05249,494674.0,1703333699999,25900.5489,396,176572.0,9252.12444,0
1703333700000,0.05247,0.05308,0.05247,0.05305,1442521.0,1703334599999,76198.40937,574,1028890.0,54344.53961,0
1703334600000,0.05305,0.0531,0.05279,0.05279,396241.0,1703335499999,20980.59188,210,63416.0,3358.92458,0
1703335500000,0.05278,0.05311,0.05278,0.05282,657506.0,1703336399999,34800.8553,380,301961.0,15979.01633,0
1703336400000,0.05282,0.05297,0.05268,0.05284,564787.0,1703337299999,29841.82981,243,132547.0,7005.54266,0
1703337300000,0.05283,0.053,0.0528,0.05298,215283.0,1703338199999,11384.72343,189,118555.0,6271.57236,0
1703338200000,0.05298,0.05298,0.05248,0.05255,684967.0,1703339099999,36025.96307,301,139973.0,7366.92228,0
1703339100000,0.05256,0.05274,0.0525,0.05274,289508.0,1703339999999,15233.68103,218,134857.0,7097.83748,0
1703340000000,0.05274,0.05293,0.0526,0.05288,172864.0,1703340899999,9120.17723,100,127806.0,6741.04117,0
1703340900000,0.05286,0.05292,0.0526,0.05267,119164.0,1703341799999,6286.73157,97,40393.0,2134.05901,0
1703341800000,0.05268,0.05285,0.05254,0.05279,447713.0,1703342699999,23612.65198,217,357860.0,18879.69572,0
1703342700000,0.05277,0.05292,0.05272,0.05285,175318.0,1703343599999,9260.56852,171,120656.0,6372.96209,0
1703343600000,0.05287,0.05296,0.05281,0.05294,284087.0,1703344499999,15023.18927,205,172474.0,9121.49833,0
1703344500000,0.05292,0.05301,0.0529,0.05299,108026.0,1703345399999,5722.06155,76,98390.0,5211.84273,0
1703345400000,0.05298,0.05323,0.05294,0.05311,710556.0,1703346299999,37725.3962,401,448013.0,23791.80742,0
1703346300000,0.05311,0.05311,0.05286,0.05295,533278.0,1703347199999,28236.93215,294,206375.0,10929.11969,0
1703347200000,0.05296,0.05312,0.05286,0.05293,305066.0,1703348099999,16155.04164,234,182073.0,9638.45017,0
1703348100000,0.05296,0.05308,0.05289,0.053,171363.0,1703348999999,9078.97568,158,115996.0,6145.92853,0
1703349000000,0.05297,0.05329,0.05294,0.05326,248415.0,1703349899999,13208.98829,170,156961.0,8341.65068,0
1703349900000,0.05325,0.05332,0.05317,0.05332,329349.0,1703350799999,17535.88506,244,208774.0,11118.00313,0
1703350800000,0.05333,0.05353,0.05333,0.05346,278359.0,1703351699999,14877.53676,223,168729.0,9016.14139,0
1703351700000,0.05345,0.05352,0.05336,0.05344,671286.0,1703352599999,35881.70412,448,272536.0,14568.7641,0
1703352600000,0.05344,0.05361,0.05343,0.05348,487914.0,1703353499999,26110.1173,201,136040.0,7280.5605,0
1703353500000,0.05351,0.05357,0.05337,0.05337,207731.0,1703354399999,11113.08266,140,101450.0,5428.04163,0
1703354400000,0.05337,0.05345,0.05327,0.0534,181558.0,1703355299999,9689.8234,197,96979.0,5176.84173,0
1703355300000,0.05341,0.05365,0.05341,0.05353,460178.0,1703356199999,24640.41113,348,309342.0,16566.12419,0
1703356200000,0.05354,0.05378,0.05354,0.05369,413805.0,1703357099999,22208.29585,214,290597.0,15599.79887,0
1703357100000,0.05371,0.0539,0.05368,0.05379,196775.0,1703357999999,10587.01879,166,80275.0,4320.93165,0
1703358000000,0.05382,0.05396,0.05361,0.05365,318588.0,1703358899999,17143.78855,214,183154.0,9856.8477,0
1703358900000,0.05365,0.05371,0.05346,0.05368,269420.0,1703359799999,14430.40061,188,47306.0,2534.86688,0
1703359800000,0.05369,0.05369,0.05357,0.05368,60009.0,1703360699999,3219.02028,62,46563.0,2497.96519,0
1703360700000,0.05365,0.05383,0.05364,0.05376,275140.0,1703361599999,14779.74107,214,146443.0,7866.94709,0
1703361600000,0.05376,0.0539,0.0537,0.05373,374328.0,1703362499999,20139.85197,180,221264.0,11906.41902,0
1703362500000,0.05373,0.05378,0.05345,0.05347,357471.0,1703363399999,19180.53641,230,142544.0,7649.0858,0
1703363400000,0.05349,0.05363,0.05345,0.05347,187371.0,1703364299999,10029.51321,130,42704.0,2287.32961,0
1703364300000,0.05348,0.05359,0.05339,0.05356,235313.0,1703365199999,12590.09806,117,120195.0,6433.94783,0
1703365200000,0.05355,0.05389,0.05335,0.05389,672814.0,1703366099999,36039.5526,344,563337.0,30180.61178,0
1703366100000,0.05389,0.05417,0.05385,0.05397,901823.0,1703366999999,48730.73906,359,604139.0,32634.12432,0
1703367000000,0.05403,0.05403,0.05365,0.05383,362172.0,1703367899999,19484.86724,245,91470.0,4928.07274,0
1703367900000,0.05384,0.0539,0.0538,0.05384,164740.0,1703368799999,8871.98778,106,59951.0,3228.42406,0
1703368800000,0.05385,0.05401,0.05379,0.05393,271513.0,1703369699999,14646.55181,137,229983.0,12407.68104,0
1703369700000,0.05395,0.05407,0.05388,0.0539,181874.0,1703370599999,9813.86872,209,36823.0,1987.69681,0
1703370600000,0.0539,0.05396,0.05378,0.05386,134457.0,1703371499999,7249.63031,75,84024.0,4531.55012,0
1703371500000,0.05385,0.05395,0.05382,0.05385,128624.0,1703372399999,6930.48124,81,47485.0,2558.54451,0
1703372400000,0.05393,0.05418,0.05393,0.05407,444167.0,1703373299999,24022.77945,223,222323.0,12028.77942,0
1703373300000,0.05407,0.05433,0.05389,0.05426,682388.0,1703374199999,36928.41905,326,433948.0,23492.72135,0
1703374200000,0.05426,0.05451,0.05416,0.05442,511621.0,1703375099999,27823.51526,283,272754.0,14835.63147,0
1703375100000,0.05441,0.05497,0.05441,0.05463,1428184.0,1703375999999,78146.18591,765,705064.0,38595.30109,0
1703376000000,0.05461,0.05478,0.05442,0.05471,671169.0,1703376899999,36674.01316,467,288824.0,15790.60846,0
1703376900000,0.05471,0.05484,0.0542,0.05481,871325.0,1703377799999,47491.33042,377,374430.0,20443.65207,0
1703377800000,0.0548,0.0548,0.05422,0.05442,194464.0,1703378699999,10588.37423,250,30817.0,1679.4176,0
1703378700000,0.0545,0.05468,0.0544,0.05455,131811.0,1703379599999,7189.3643,132,56388.0,3075.75757,0
1703379600000,0.0545,0.05465,0.05446,0.0545,228017.0,1703380499999,12443.43729,125,91161.0,4976.56678,0
1703380500000,0.05445,0.05476,0.05445,0.05467,218550.0,1703381399999,11936.89412,168,81382.0,4441.0157,0
1703381400000,0.05463,0.05504,0.05448,0.05472,699771.0,1703382299999,38342.53798,429,468561.0,25700.53807,0
1703382300000,0.05479,0.05503,0.05465,0.05481,611002.0,1703383199999,33502.23572,272,412258.0,22604.59416,0
1703383200000,0.05484,0.05531,0.05474,0.05516,836461.0,1703384099999,46044.53797,429,628751.0,34600.27461,0
1703384100000,0.05517,0.05525,0.05512,0.05523,175845.0,1703384999999,9702.58755,120,84016.0,4635.68869,0
1703385000000,0.05524,0.05551,0.05486,0.0549,604617.0,1703385899999,33425.6028,461,240174.0,13295.89787,0
1703385900000,0.05497,0.05498,0.05471,0.0548,287498.0,1703386799999,15758.22706,215,41973.0,2305.13522,0
1703386800000,0.05481,0.055,0.05459,0.05479,247345.0,1703387699999,13568.36204,151,53257.0,2918.96271,0
1703387700000,0.05475,0.0549,0.05472,0.05486,97060.0,1703388599999,5318.07587,70,52369.0,2868.88459,0
1703388600000,0.05486,0.05494,0.05474,0.0548,66373.0,1703389499999,3639.59669,101,28602.0,1569.16845,0
1703389500000,0.05481,0.0549,0.0547,0.05481,203679.0,1703390399999,11163.79719,141,114564.0,6279.93475,0
1703390400000,0.05482,0.05498,0.05477,0.0549,480698.0,1703391299999,26381.33774,234,232480.0,12757.97754,0
1703391300000,0.05492,0.05494,0.05466,0.05469,242571.0,1703392199999,13300.27514,205,70971.0,3890.14244,0
1703392200000,0.05471,0.05481,0.05444,0.05447,426816.0,1703393099999,23287.50755,341,210353.0,11479.25722,0
1703393100000,0.05447,0.05475,0.05441,0.05475,309092.0,1703393999999,16866.24068,271,255158.0,13924.42809,0
1703394000000,0.05473,0.05475,0.05464,0.05468,73771.0,1703394899999,4034.20924,91,12869.0,703.81194,0
1703394900000,0.05468,0.05472,0.05457,0.05457,99923.0,1703395799999,5462.7292,111,28487.0,1557.61754,0
1703395800000,0.0546,0.05461,0.05334,0.05391,1692124.0,1703396699999,91423.23552,990,388308.0,20918.56788,0
1703396700000,0.05391,0.05415,0.05386,0.05402,272870.0,1703397599999,14742.82136,285,165302.0,8932.97677,0
1703397600000,0.05402,0.05432,0.0536,0.05384,201962.0,1703398499999,10894.68366,222,90952.0,4917.78248,0
1703398500000,0.05383,0.05409,0.05383,0.05389,150328.0,1703399399999,8109.77412,147,63725.0,3442.57717,0
1703399400000,0.05392,0.054,0.0538,0.05381,265472.0,1703400299999,14300.26011,133,59866.0,3227.43541,0
1703400300000,0.05381,0.05383,0.05353,0.05367,194169.0,1703401199999,10413.74366,153,88015.0,4719.35932,0
1703401200000,0.05373,0.05392,0.05357,0.05392,344501.0,1703402099999,18531.27087,161,171196.0,9215.54698,0
1703402100000,0.05394,0.05454,0.05392,0.05451,492831.0,1703402999999,26759.46437,259,440258.0,23908.17179,0
1703403000000,0.05451,0.05459,0.05409,0.05419,540314.0,1703403899999,29347.30175,342,338672.0,18401.57708,0
1703403900000,0.05419,0.05435,0.0541,0.05427,96806.0,1703404799999,5254.68061,92,41414.0,2248.41951,0
1703404800000,0.05429,0.05435,0.05375,0.05387,517699.0,1703405699999,27961.1597,274,297063.0,16059.77071,0
1703405700000,0.05385,0.05404,0.05379,0.05398,374042.0,1703406599999,20176.87679,258,201098.0,10849.03594,0
1703406600000,0.05396,0.05432,0.05393,0.05426,376146.0,1703407499999,20367.72812,345,271408.0,14697.23861,0
1703407500000,0.05429,0.0544,0.05407,0.05436,646620.0,1703408399999,35068.65546,332,416874.0,22624.60519,0
1703408400000,0.05436,0.05442,0.05403,0.05442,557063.0,1703409299999,30199.22881,351,245398.0,13320.01128,0
1703409300000,0.05442,0.05447,0.05411,0.05423,317616.0,1703410199999,17250.32855,302,159863.0,8685.75158,0
1703410200000,0.05423,0.05451,0.0541,0.05445,317044.0,1703411099999,17217.49991,317,89037.0,4840.05972,0
1703411100000,0.05446,0.05458,0.05428,0.05428,420609.0,1703411999999,22905.31144,252,235303.0,12820.2763,0
1703412000000,0.05433,0.05511,0.05426,0.055,2485983.0,1703412899999,136416.16876,811,1065773.0,58409.38507,0
1703412900000,0.055,0.05501,0.05425,0.05475,1440515.0,1703413799999,78850.09545,541,868996.0,47583.72696,0
1703413800000,0.05477,0.05482,0.054,0.05482,2529314.0,1703414699999,137572.00863,1889,1470186.0,80030.38564,0
1703414700000,0.05479,0.0555,0.05475,0.0555,1811837.0,1703415599999,100056.0935,1179,1108173.0,61210.18324,0
1703415600000,0.0555,0.05609,0.05547,0.05607,2399335.0,1703416499999,133823.63644,1537,1340088.0,74766.67565,0
1703416500000,0.05603,0.05619,0.05578,0.05578,1172206.0,1703417399999,65685.48356,565,467126.0,26191.51793,0
1703417400000,0.05578,0.0564,0.05573,0.05625,1056867.0,1703418299999,59347.86613,672,687931.0,38636.91246,0
1703418300000,0.05625,0.05627,0.0557,0.05584,1215379.0,1703419199999,67977.15265,641,314128.0,17580.69126,0
1703419200000,0.05582,0.05587,0.05567,0.05576,468245.0,1703420099999,26116.47907,265,221269.0,12346.22231,0
1703420100000,0.05576,0.05576,0.05528,0.05543,1490371.0,1703420999999,82697.9452,560,556899.0,30891.0302,0
1703421000000,0.05543,0.05562,0.05538,0.05555,200620.0,1703421899999,11138.73003,218,94519.0,5246.99491,0
1703421900000,0.05553,0.05558,0.05528,0.05543,622544.0,1703422799999,34490.01433,249,215151.0,11927.01712,0
1703422800000,0.05544,0.0555,0.05524,0.05535,435472.0,1703423699999,24116.31641,386,148979.0,8250.01698,0
1703423700000,0.05537,0.05613,0.05537,0.05598,498529.0,1703424599999,27782.15485,298,285043.0,15893.94154,0
1703424600000,0.05597,0.05718,0.05596,0.057,5244754.0,1703425499999,298183.12375,2306,2848036.0,161851.06979,0
1703425500000,0.057,0.05739,0.0567,0.05729,2766160.0,1703426399999,157943.7524,1487,1427236.0,81548.59522,0
1703426400000,0.05727,0.05754,0.057,0.05734,1592015.0,1703427299999,91330.22618,1089,739793.0,42461.16983,0
1703427300000,0.05732,0.05741,0.05692,0.05705,1528855.0,1703428199999,87301.52519,732,753054.0,42979.64649,0
1703428200000,0.05705,0.05709,0.05663,0.0567,1089017.0,1703429099999,62002.77515,534,174218.0,9920.2769,0
1703429100000,0.05668,0.05691,0.05644,0.0569,1290889.0,1703429999999,73135.23845,852,507704.0,28794.62082,0
1703430000000,0.05692,0.05708,0.05659,0.05692,768855.0,1703430899999,43706.17111,473,311517.0,17715.03355,0
1703430900000,0.05695,0.05767,0.05688,0.05762,1268751.0,1703431799999,72690.92634,951,874739.0,50129.43368,0
1703431800000,0.05757,0.05831,0.05746,0.05806,2888072.0,1703432699999,167254.13994,1516,1531916.0,88758.6961,0
1703432700000,0.05806,0.05891,0.058,0.05827,3667791.0,1703433599999,214784.22876,2105,1520778.0,89087.26451,0
1703433600000,0.05826,0.05865,0.05734,0.0578,3031755.0,1703434499999,175500.4294,1686,1285028.0,74477.13367,0
1703434500000,0.0578,0.05924,0.0578,0.05924,3023957.0,1703435399999,177216.71499,1411,2155630.0,126462.07633,0
1703435400000,0.05923,0.05962,0.05856,0.05945,2462842.0,1703436299999,145676.1327,1832,1218157.0,72052.36582,0
1703436300000,0.05945,0.05946,0.05888,0.05925,2289552.0,1703437199999,135513.75001,1428,790695.0,46765.66465,0
1703437200000,0.05921,0.05979,0.05888,0.05954,3032145.0,1703438099999,180284.36059,2327,1769417.0,105244.59807,0
1703438100000,0.05953,0.05967,0.05902,0.05929,1300988.0,1703438999999,77237.09705,703,376012.0,22323.46066,0
1703439000000,0.05928,0.05944,0.05909,0.05935,1144797.0,1703439899999,67902.58576,626,317789.0,18852.82203,0
1703439900000,0.05932,0.05954,0.05929,0.05931,873896.0,1703440799999,51853.88665,454,215414.0,12789.52609,0
1703440800000,0.05937,0.05941,0.05848,0.05901,2508631.0,1703441699999,148051.78962,1091,783323.0,46215.63561,0
1703441700000,0.05898,0.05912,0.05876,0.05889,1196584.0,1703442599999,70514.03351,629,559140.0,32961.87733,0
1703442600000,0.05889,0.05935,0.0587,0.0593,1203268.0,1703443499999,70961.79099,719,721523.0,42594.8521,0
1703443500000,0.05928,0.05943,0.05911,0.05928,743817.0,1703444399999,44096.83425,572,369050.0,21882.11968,0
1703444400000,0.05929,0.05946,0.0591,0.05946,977860.0,1703445299999,57948.43037,607,387914.0,23001.415,0
1703445300000,0.05942,0.05986,0.0594,0.05957,1176187.0,1703446199999,70141.70741,808,752342.0,44873.49732,0
1703446200000,0.05956,0.05982,0.05907,0.05982,953446.0,1703447099999,56691.55997,801,504667.0,30028.87546,0
1703447100000,0.05977,0.06,0.05943,0.05962,1414623.0,1703447999999,84575.85143,880,734617.0,43956.54077,0
1703448000000,0.05965,0.05975,0.059,0.0591,976052.0,1703448899999,57830.39358,635,216246.0,12828.34253,0
1703448900000,0.0591,0.05931,0.05779,0.05879,2778637.0,1703449799999,163036.41831,1289,867814.0,50896.09143,0
1703449800000,0.05883,0.059,0.05832,0.05853,1096601.0,1703450699999,64378.45499,968,542901.0,31910.05892,0
1703450700000,0.05852,0.05883,0.05845,0.05874,715243.0,1703451599999,41942.85689,769,268669.0,15760.70188,0
1703451600000,0.05875,0.05895,0.0586,0.05892,307644.0,1703452499999,18092.91468,318,154823.0,9106.0832,0
1703452500000,0.05884,0.05902,0.05864,0.05871,213221.0,1703453399999,12559.74052,192,90849.0,5352.73412,0
1703453400000,0.05872,0.05877,0.05822,0.05843,441414.0,1703454299999,25808.64109,397,214575.0,12548.37814,0
1703454300000,0.05836,0.0585,0.05811,0.05823,446760.0,1703455199999,26046.62219,338,180265.0,10511.9375,0
1703455200000,0.05825,0.05838,0.05728,0.05749,1045142.0,1703456099999,60555.32508,732,351102.0,20363.21245,0
1703456100000,0.05731,0.05786,0.05619,0.05778,2695354.0,1703456999999,153854.52816,1696,1445388.0,82679.56922,0
1703457000000,0.05779,0.05819,0.05715,0.05764,856726.0,1703457899999,49461.78716,716,226248.0,13070.29741,0
1703457900000,0.05766,0.05786,0.05706,0.05777,505021.0,1703458799999,29008.88347,349,239438.0,13754.39373,0
1703458800000,0.05774,0.05823,0.05768,0.05818,584728.0,1703459699999,33902.4831,302,221878.0,12859.95877,0
1703459700000,0.05816,0.05834,0.05798,0.0581,445607.0,1703460599999,25921.6752,275,221754.0,12899.29811,0
1703460600000,0.05809,0.05809,0.05771,0.05773,737660.0,1703461499999,42644.7538,269,355662.0,20563.06727,0
1703461500000,0.05774,0.05782,0.05751,0.05759,586761.0,1703462399999,33846.14115,223,199645.0,11524.03941,0
1703462400000,0.0576,0.05782,0.05753,0.05767,439787.0,1703463299999,25345.90552,297,205456.0,11840.55788,0
1703463300000,0.05766,0.05766,0.05704,0.05727,684297.0,1703464199999,39240.76244,450,320485.0,18381.07004,0
1703464200000,0.0573,0.0573,0.05666,0.05686,1251162.0,1703465099999,71327.01165,471,489273.0,27910.0525,0
1703465100000,0.05686,0.05761,0.05686,0.05758,428132.0,1703465999999,24502.65386,332,269236.0,15401.26757,0
1703466000000,0.05762,0.0583,0.05762,0.05823,391608.0,1703466899999,22672.94524,249,283947.0,16429.00796,0
1703466900000,0.05825,0.0584,0.05816,0.05822,335354.0,1703467799999,19553.91291,285,64309.0,3749.65528,0
1703467800000,0.05822,0.05857,0.05806,0.05851,476861.0,1703468699999,27839.46043,370,228560.0,13351.57481,0
1703468700000,0.05851,0.05857,0.05815,0.05828,635010.0,1703469599999,37036.26284,509,173260.0,10113.53301,0
1703469600000,0.0583,0.05833,0.05785,0.05805,582053.0,1703470499999,33792.47138,481,124521.0,7224.08011,0
1703470500000,0.05806,0.05806,0.05759,0.05761,310430.0,1703471399999,17957.11459,269,67434.0,3900.57874,0
1703471400000,0.05763,0.05768,0.05711,0.05725,667483.0,1703472299999,38220.31666,443,205768.0,11776.39599,0
1703472300000,0.05726,0.05775,0.05726,0.05773,286081.0,1703473199999,16462.36457,252,147913.0,8515.54178,0
1703473200000,0.05773,0.05799,0.05747,0.05793,511339.0,1703474099999,29520.21894,434,242686.0,14016.48561,0
1703474100000,0.05794,0.05798,0.05778,0.05779,146631.0,1703474999999,8491.64509,90,88605.0,5132.65193,0
1703475000000,0.05774,0.05816,0.05774,0.05774,355458.0,1703475899999,20596.75253,257,258768.0,14992.88555,0
1703475900000,0.05771,0.05798,0.0577,0.05794,303379.0,1703476799999,17559.56592,243,160230.0,9277.98362,0
1703476800000,0.05795,0.0581,0.05763,0.05779,536172.0,1703477699999,31034.84612,391,116650.0,6759.09067,0
1703477700000,0.05778,0.05825,0.0577,0.05817,584466.0,1703478599999,33861.42882,269,404260.0,23425.14242,0
1703478600000,0.05822,0.05844,0.05797,0.05844,779129.0,1703479499999,45278.22086,287,389615.0,22663.95858,0
1703479500000,0.05843,0.05843,0.05794,0.05809,388211.0,1703480399999,22564.62101,221,169655.0,9857.07404,0
1703480400000,0.05807,0.05818,0.05795,0.05816,507263.0,1703481299999,29462.25583,259,259830.0,15092.24374,0
1703481300000,0.05816,0.05839,0.0581,0.05839,241328.0,1703482199999,14047.8949,143,149438.0,8700.16269,0
1703482200000,0.0584,0.05861,0.0584,0.05841,557869.0,1703483099999,32635.62678,330,176805.0,10344.8411,0
1703483100000,0.05844,0.0586,0.05832,0.0586,203726.0,1703483999999,11907.88663,127,139306.0,8145.32818,0
1703484000000,0.05863,0.05866,0.05838,0.0585,366199.0,1703484899999,21425.51874,205,176790.0,10341.06228,0
1703484900000,0.0585,0.05871,0.05843,0.05862,349441.0,1703485799999,20470.48374,241,152248.0,8921.72647,0
1703485800000,0.05868,0.05868,0.05838,0.0584,352301.0,1703486699999,20612.84018,245,114208.0,6680.59368,0
1703486700000,0.05841,0.05865,0.05841,0.05859,211791.0,1703487599999,12405.10723,152,168657.0,9879.70841,0
1703487600000,0.05856,0.05859,0.05835,0.05852,470606.0,1703488499999,27513.12039,222,278371.0,16276.04337,0
1703488500000,0.05852,0.0587,0.05821,0.05842,457757.0,1703489399999,26794.49807,250,245087.0,14365.39881,0
1703489400000,0.05839,0.05864,0.05833,0.05858,431328.0,1703490299999,25244.77173,271,218832.0,12799.92615,0
1703490300000,0.05857,0.05875,0.05833,0.0584,817443.0,1703491199999,47863.15671,402,586555.0,34338.76467,0
1703491200000,0.05843,0.05921,0.05838,0.059,635539.0,1703492099999,37427.23009,382,362989.0,21367.94008,0
1703492100000,0.05901,0.05912,0.05853,0.05855,566211.0,1703492999999,33303.95046,300,228402.0,13446.87994,0
1703493000000,0.05856,0.0586,0.05797,0.05798,819681.0,1703493899999,47757.36496,376,214690.0,12501.49375,0
1703493900000,0.05799,0.058,0.05734,0.05754,926408.0,1703494799999,53423.05443,385,304796.0,17597.42409,0
1703494800000,0.05754,0.05839,0.05749,0.05819,1220530.0,1703495699999,70891.13077,599,758594.0,44057.09821,0
1703495700000,0.05819,0.05825,0.05797,0.05802,510465.0,1703496599999,29652.24154,256,193325.0,11228.26855,0
1703496600000,0.058,0.0581,0.05744,0.05777,523488.0,1703497499999,30226.00856,331,121175.0,7010.79185,0
1703497500000,0.05772,0.05797,0.05757,0.05789,465906.0,1703498399999,26945.51856,241,247477.0,14321.04863,0
1703498400000,0.05794,0.0583,0.0579,0.05807,581641.0,1703499299999,33817.5108,315,276603.0,16088.98862,0
1703499300000,0.05805,0.05845,0.0578,0.05845,735088.0,1703500199999,42752.53126,333,545300.0,31738.40258,0
1703500200000,0.05842,0.05842,0.05813,0.05822,247039.0,1703501099999,14396.87305,193,124593.0,7259.64974,0
1703501100000,0.05824,0.05826,0.05804,0.05811,356958.0,1703501999999,20738.09461,188,134528.0,7814.23883,0
1703502000000,0.05811,0.05818,0.05801,0.05818,795196.0,1703502899999,46196.1166,218,641156.0,37252.81508,0
1703502900000,0.05818,0.05851,0.05812,0.05849,527520.0,1703503799999,30755.23853,271,396982.0,23142.60158,0
1703503800000,0.0585,0.05865,0.05838,0.05839,450799.0,1703504699999,26365.67182,233,137771.0,8061.80125,0
1703504700000,0.05838,0.05856,0.05829,0.05832,457727.0,1703505599999,26741.81455,229,121440.0,7093.35559,0
1703505600000,0.05831,0.0586,0.05796,0.05859,1204913.0,1703506499999,70125.93267,474,490359.0,28577.79195,0
1703506500000,0.05857,0.05879,0.05813,0.05859,960214.0,1703507399999,56187.62975,549,481811.0,28215.77732,0
1703507400000,0.05857,0.05895,0.05826,0.05859,697182.0,1703508299999,40893.63249,422,228631.0,13402.22183,0
1703508300000,0.05858,0.05873,0.05858,0.05867,704699.0,1703509199999,41343.43949,408,142576.0,8367.13016,0
1703509200000,0.05864,0.05873,0.05828,0.05833,791681.0,1703510099999,46336.71276,354,239009.0,14000.15945,0
1703510100000,0.05834,0.05845,0.05822,0.05834,536578.0,1703510999999,31293.12132,271,231712.0,13514.11286,0
1703511000000,0.05831,0.05838,0.05588,0.05805,2447470.0,1703511899999,141254.4739,818,557354.0,32173.87584,0
1703511900000,0.05803,0.05832,0.05803,0.05832,967854.0,1703512799999,56323.39923,436,445089.0,25909.33234,0
1703512800000,0.05832,0.05855,0.05817,0.05818,463427.0,1703513699999,27041.32189,358,273203.0,15948.97266,0
1703513700000,0.05817,0.05821,0.05791,0.05811,358170.0,1703514599999,20795.29587,214,111866.0,6491.84398,0
1703514600000,0.05808,0.05854,0.05804,0.05851,236812.0,1703515499999,13807.68336,153,124566.0,7275.22623,0
1703515500000,0.05851,0.05865,0.05845,0.05846,273062.0,1703516399999,15983.80954,134,135974.0,7959.1948,0
1703516400000,0.05845,0.0585,0.05781,0.05789,903106.0,1703517299999,52465.73049,335,144338.0,8386.00938,0
1703517300000,0.05785,0.05806,0.05768,0.05798,933275.0,1703518199999,54023.52417,416,288109.0,16686.26931,0
1703518200000,0.05799,0.05851,0.05793,0.05835,871861.0,1703519099999,50764.48298,524,537502.0,31293.81439,0
1703519100000,0.05835,0.05835,0.05793,0.05797,508889.0,1703519999999,29549.5655,294,199268.0,11563.40331,0
1703520000000,0.05798,0.05818,0.05776,0.05801,799934.0,1703520899999,46391.45389,414,343252.0,19928.21434,0
1703520900000,0.05801,0.05805,0.05777,0.05792,341937.0,1703521799999,19788.97253,196,129267.0,7481.36702,0
1703521800000,0.05792,0.05799,0.05725,0.05736,849484.0,1703522699999,48928.35808,416,178645.0,10265.49356,0
1703522700000,0.05736,0.05751,0.05716,0.05744,497034.0,1703523599999,28518.97817,459,279314.0,16025.67386,0
1703523600000,0.05742,0.05794,0.0574,0.05784,436457.0,1703524499999,25202.10491,321,231775.0,13396.21261,0
1703524500000,0.05784,0.05796,0.05758,0.05784,446063.0,1703525399999,25753.91293,360,130260.0,7522.3398,0
1703525400000,0.05784,0.0579,0.05762,0.05763,436070.0,1703526299999,25203.89553,308,133342.0,7709.51726,0
1703526300000,0.05761,0.05776,0.05749,0.05771,259944.0,1703527199999,14978.09771,258,141478.0,8153.02363,0
1703527200000,0.05771,0.05804,0.05766,0.05779,282812.0,1703528099999,16369.85133,234,101408.0,5868.79677,0
1703528100000,0.05779,0.05793,0.05772,0.05793,100103.0,1703528999999,5788.53133,115,59344.0,3431.46712,0
1703529000000,0.05792,0.05792,0.05765,0.05768,111542.0,1703529899999,6443.93538,128,26980.0,1559.2571,0
1703529900000,0.05767,0.0577,0.05725,0.05746,417083.0,1703530799999,23940.75034,286,161208.0,9257.9415,0
1703530800000,0.05746,0.05752,0.05731,0.05751,143953.0,1703531699999,8267.84188,104,99786.0,5731.14629,0
1703531700000,0.05754,0.05767,0.05738,0.05763,340653.0,1703532599999,19604.16291,207,260079.0,14974.49282,0
1703532600000,0.05768,0.05768,0.0573,0.05739,307302.0,1703533499999,17637.71012,190,142625.0,8185.62282,0
1703533500000,0.05741,0.05747,0.05722,0.05725,315285.0,1703534399999,18077.66833,193,165154.0,9469.47141,0
1703534400000,0.05725,0.05738,0.05678,0.05696,526680.0,1703535299999,30076.53697,357,181942.0,10398.67936,0
1703535300000,0.05699,0.0572,0.05692,0.057,288807.0,1703536199999,16475.28824,173,70923.0,4045.56747,0
1703536200000,0.057,0.057,0.05607,0.05663,1076104.0,1703537099999,60896.43856,685,372305.0,21101.29965,0
1703537100000,0.05664,0.0571,0.05651,0.05709,1052633.0,1703537999999,59858.7917,446,753287.0,42855.93408,0
1703538000000,0.05707,0.05707,0.05665,0.05691,885546.0,1703538899999,50352.49393,463,382717.0,21760.87373,0
1703538900000,0.05688,0.05705,0.0568,0.05696,722480.0,1703539799999,41113.21665,358,116345.0,6626.95212,0
1703539800000,0.05697,0.05706,0.05685,0.05706,246704.0,1703540699999,14040.17964,131,150155.0,8545.4891,0
1703540700000,0.05706,0.05717,0.05703,0.05714,159725.0,1703541599999,9119.85867,127,123398.0,7045.96073,0
1703541600000,0.05716,0.05787,0.05707,0.05782,1869844.0,1703542499999,107548.32617,658,1590613.0,91520.94397,0
1703542500000,0.05782,0.05797,0.05778,0.05783,258363.0,1703543399999,14947.86743,258,122477.0,7084.30397,0
1703543400000,0.05783,0.05811,0.0578,0.05785,737818.0,1703544299999,42749.00613,347,441771.0,25594.70183,0
1703544300000,0.05784,0.05816,0.05773,0.05805,348941.0,1703545199999,20259.97924,232,214790.0,12470.72105,0
1703545200000,0.05805,0.05816,0.05785,0.05809,251858.0,1703546099999,14613.10154,190,82478.0,4788.35164,0
1703546100000,0.05807,0.05816,0.05797,0.05815,92709.0,1703546999999,5381.54781,89,38443.0,2232.1059,0
1703547000000,0.05807,0.05822,0.05781,0.05788,504976.0,1703547899999,29276.1265,343,155318.0,9022.63832,0
1703547900000,0.05788,0.05795,0.05765,0.0578,424881.0,1703548799999,24551.31768,176,30276.0,1750.71012,0
1703548800000,0.0578,0.05795,0.0578,0.05794,309600.0,1703549699999,17917.19486,204,200312.0,11591.56026,0
1703549700000,0.05791,0.05814,0.05791,0.05812,319578.0,1703550599999,18553.34302,172,118888.0,6904.12651,0
1703550600000,0.05814,0.05824,0.058,0.05809,157589.0,1703551499999,9155.85571,137,35938.0,2088.27316,0
1703551500000,0.05807,0.05807,0.05777,0.05791,95639.0,1703552399999,5540.74133,122,43826.0,2538.39174,0
1703552400000,0.05793,0.05812,0.05782,0.05811,110314.0,1703553299999,6393.45294,108,73071.0,4235.40584,0
1703553300000,0.0582,0.05837,0.0582,0.05835,133652.0,1703554199999,7792.63309,118,50919.0,2968.88966,0
1703554200000,0.05834,0.05834,0.0578,0.05795,212595.0,1703555099999,12312.66758,96,154625.0,8942.47802,0
1703555100000,0.05799,0.05819,0.0578,0.05806,315875.0,1703555999999,18330.79868,243,178711.0,10372.92607,0
1703556000000,0.05802,0.05843,0.05794,0.0583,222014.0,1703556899999,12937.05317,185,88233.0,5142.42786,0
1703556900000,0.0583,0.05851,0.0583,0.05843,504795.0,1703557799999,29490.44251,382,160001.0,9345.61177,0
1703557800000,0.05843,0.05867,0.05824,0.05865,305309.0,1703558699999,17849.67129,345,90188.0,5273.08629,0
1703558700000,0.05864,0.05864,0.05762,0.05788,1407381.0,1703559599999,81667.01102,970,352268.0,20484.34417,0
1703559600000,0.05785,0.0582,0.05766,0.0582,644714.0,1703560499999,37273.43011,454,267289.0,15457.22419,0
1703560500000,0.05818,0.05868,0.05813,0.05868,462934.0,1703561399999,27025.97907,318,224469.0,13097.57334,0
1703561400000,0.05868,0.05868,0.05824,0.05847,291167.0,1703562299999,17026.94669,191,119882.0,7007.3561,0
1703562300000,0.05843,0.05871,0.05842,0.05846,310254.0,1703563199999,18155.37352,154,83750.0,4907.12531,0
1703563200000,0.05847,0.0587,0.05843,0.05862,104551.0,1703564099999,6126.63509,119,65729.0,3851.09442,0
1703564100000,0.05862,0.05874,0.05856,0.05865,126369.0,1703564999999,7417.13137,80,38611.0,2265.45525,0
1703565000000,0.05863,0.05878,0.05854,0.05878,87041.0,1703565899999,5103.97885,83,32702.0,1919.24001,0
1703565900000,0.05876,0.05887,0.05874,0.05885,483752.0,1703566799999,28441.62962,232,293848.0,17278.12865,0
1703566800000,0.05888,0.0589,0.05814,0.05814,1115842.0,1703567699999,65194.53606,260,72134.0,4213.9945,0
1703567700000,0.05819,0.05836,0.05801,0.05801,477234.0,1703568599999,27772.75162,337,150596.0,8762.06322,0
1703568600000,0.05802,0.05816,0.05692,0.05728,1911886.0,1703569499999,109664.407,1136,1093544.0,62750.99315,0
1703569500000,0.05728,0.05807,0.05692,0.05767,1161712.0,1703570399999,66991.92268,658,816997.0,47112.08959,0
1703570400000,0.05771,0.05771,0.05692,0.05748,807601.0,1703571299999,46276.73068,715,339168.0,19435.95626,0
1703571300000,0.05761,0.0587,0.05761,0.05797,815466.0,1703572199999,47545.67912,581,427642.0,24950.79284,0
1703572200000,0.05794,0.05814,0.0578,0.05802,432932.0,1703573099999,25089.68825,335,216274.0,12533.69255,0
1703573100000,0.058,0.05828,0.05754,0.0576,831354.0,1703573999999,48215.66386,581,276513.0,16019.65032,0
1703574000000,0.05756,0.0582,0.05702,0.05817,734695.0,1703574899999,42250.81518,475,511668.0,29420.62953,0
1703574900000,0.05821,0.05886,0.05819,0.05838,1063244.0,1703575799999,62257.12292,563,466730.0,27353.64822,0
1703575800000,0.05844,0.05844,0.05812,0.05816,270797.0,1703576699999,15767.98202,180,150969.0,8789.39789,0
1703576700000,0.0582,0.05835,0.05818,0.05827,87115.0,1703577599999,5073.74906,71,56094.0,3267.11874,0
1703577600000,0.05827,0.05846,0.05807,0.05815,213456.0,1703578499999,12439.29227,189,72103.0,4202.09061,0
1703578500000,0.0581,0.05842,0.0579,0.05837,408151.0,1703579399999,23704.05103,240,128660.0,7485.59243,0
1703579400000,0.05834,0.0593,0.05819,0.05906,1193037.0,1703580299999,70226.87988,608,777830.0,45786.96855,0
1703580300000,0.05905,0.05931,0.05883,0.05897,885986.0,1703581199999,52387.66873,454,573244.0,33888.67095,0
1703581200000,0.05891,0.05918,0.0588,0.05889,675868.0,1703582099999,39834.90743,351,265577.0,15664.54403,0
1703582100000,0.05882,0.0594,0.05877,0.0593,899536.0,1703582999999,53272.79854,623,322031.0,19066.57189,0
1703583000000,0.05929,0.05961,0.05917,0.0592,1094508.0,1703583899999,65002.5875,655,327290.0,19442.20187,0
1703583900000,0.05916,0.06006,0.05879,0.05967,2447634.0,1703584799999,146050.67732,1611,1634932.0,97627.34035,0
1703584800000,0.0597,0.0606,0.05911,0.06048,2193778.0,1703585699999,131786.99618,1249,1354304.0,81450.35864,0
1703585700000,0.06052,0.06211,0.06049,0.06188,7504743.0,1703586599999,460356.80637,4177,4447182.0,272795.2374,0
1703586600000,0.06184,0.0624,0.0611,0.06216,3336320.0,1703587499999,206547.04173,1595,2008084.0,124482.67722,0
1703587500000,0.06217,0.0624,0.06108,0.06221,4155664.0,1703588399999,257586.26126,2104,2175647.0,134952.13228,0
1703588400000,0.0622,0.06363,0.06194,0.0636,7049904.0,1703589299999,442976.98858,3388,5006793.0,314902.15194,0
1703589300000,0.06362,0.06375,0.0622,0.0628,4335614.0,1703590199999,273454.59505,2927,1684533.0,106430.02253,0
1703590200000,0.06277,0.0649,0.06246,0.06471,5074338.0,1703591099999,324422.11098,3088,3302795.0,211398.77743,0
1703591100000,0.06466,0.0665,0.06405,0.06475,16547040.0,1703591999999,1080136.53896,9122,10082925.0,658743.3488,0
1703592000000,0.06474,0.06626,0.06445,0.0652,6594054.0,1703592899999,431546.30971,4127,3324834.0,217765.61197,0
1703592900000,0.06522,0.06812,0.0645,0.06625,12897985.0,1703593799999,858213.09871,6884,7281902.0,484955.61913,0
1703593800000,0.06622,0.0667,0.06384,0.0642,9922110.0,1703594699999,647666.98413,4865,4165616.0,271915.65575,0
1703594700000,0.06419,0.06444,0.063,0.06365,4475332.0,1703595599999,284575.11705,3176,1702485.0,108308.67807,0
1703595600000,0.06364,0.06388,0.0627,0.06371,3470128.0,1703596499999,220239.63678,2104,1047812.0,66545.45595,0
1703596500000,0.06371,0.06421,0.06298,0.06334,2474163.0,1703597399999,157472.23589,1924,953386.0,60753.38218,0
1703597400000,0.06334,0.06393,0.06305,0.06381,1594621.0,1703598299999,101126.42302,1138,789063.0,50069.51315,0
1703598300000,0.06383,0.06437,0.06373,0.06421,1943816.0,1703599199999,124482.70307,1472,692378.0,44342.07658,0
1703599200000,0.06424,0.06465,0.06359,0.06359,2459354.0,1703600099999,157953.482,1635,960659.0,61722.64283,0
1703600100000,0.06359,0.0645,0.06316,0.06433,1848143.0,1703600999999,117868.45975,1444,860568.0,55037.42257,0
1703601000000,0.06438,0.06467,0.06411,0.06441,1112120.0,1703601899999,71615.76936,886,400968.0,25823.10436,0
1703601900000,0.06439,0.06439,0.0633,0.06395,1634219.0,1703602799999,104341.02585,1241,494762.0,31623.23193,0
1703602800000,0.06394,0.0641,0.06282,0.06306,1918859.0,1703603699999,121633.4014,1377,615689.0,39053.3985,0
1703603700000,0.06306,0.06371,0.06301,0.06313,1551756.0,1703604599999,98358.0869,1065,808750.0,51263.50369,0
1703604600000,0.06324,0.06369,0.06296,0.0631,1692853.0,1703605499999,107158.18351,1050,1005732.0,63639.45542,0
1703605500000,0.06313,0.06326,0.06232,0.06253,1819870.0,1703606399999,114163.00734,1289,618617.0,38803.21939,0
1703606400000,0.06256,0.06298,0.062,0.06203,1620606.0,1703607299999,101090.28264,1302,499623.0,31188.08536,0
1703607300000,0.06203,0.06229,0.06125,0.062,2348330.0,1703608199999,145056.96391,1486,815930.0,50464.341,0
1703608200000,0.06198,0.06224,0.06175,0.06177,940848.0,1703609099999,58351.76931,659,218746.0,13580.88269,0
1703609100000,0.0618,0.06183,0.06093,0.06112,1407241.0,1703609999999,86405.51164,817,416428.0,25570.41973,0
1703610000000,0.0611,0.06113,0.0606,0.06069,1354506.0,1703610899999,82367.43193,810,381487.0,23215.52697,0
1703610900000,0.06066,0.06068,0.05993,0.06029,1893801.0,1703611799999,114049.76488,987,719656.0,43329.20107,0
1703611800000,0.06031,0.06037,0.055,0.0588,8278660.0,1703612699999,483302.43179,3771,3536843.0,206537.97555,0
1703612700000,0.05876,0.05961,0.05843,0.0596,3406557.0,1703613599999,200637.18873,1691,1678299.0,98969.19227,0
1703613600000,0.05957,0.06167,0.05944,0.06166,6043239.0,1703614499999,368213.95186,3069,3357082.0,204453.8771,0
1703614500000,0.06167,0.06256,0.061,0.06122,5079429.0,1703615399999,314818.6887,3559,2537528.0,157421.67011,0
1703615400000,0.06125,0.06143,0.0605,0.06074,1783131.0,1703616299999,108489.37914,1265,729724.0,44421.01641,0
1703616300000,0.06079,0.06138,0.06057,0.06105,1250836.0,1703617199999,76234.53549,917,489092.0,29851.07775,0
1703617200000,0.06109,0.06109,0.06049,0.06056,1318014.0,1703618099999,79992.45936,633,335232.0,20345.66037,0
1703618100000,0.06053,0.06148,0.06048,0.06114,1003091.0,1703618999999,61155.09453,632,667587.0,40701.75835,0
1703619000000,0.06121,0.06141,0.06088,0.06133,640251.0,1703619899999,39184.058,499,359262.0,21992.97513,0
1703619900000,0.06133,0.06135,0.06083,0.06099,614515.0,1703620799999,37497.69086,494,158581.0,9685.89842,0
1703620800000,0.061,0.06179,0.06092,0.06155,877271.0,1703621699999,53764.31661,611,495187.0,30349.8012,0
1703621700000,0.06152,0.06208,0.06152,0.06192,778611.0,1703622599999,48158.61896,521,442780.0,27388.08719,0
1703622600000,0.06188,0.06204,0.06181,0.06196,464460.0,1703623499999,28740.3257,372,220087.0,13625.71403,0
1703623500000,0.06196,0.06233,0.0618,0.06198,1513607.0,1703624399999,93988.86349,632,231570.0,14382.4916,0
1703624400000,0.06198,0.06228,0.0615,0.06151,945303.0,1703625299999,58508.43187,635,461360.0,28628.60103,0
1703625300000,0.06152,0.06195,0.06128,0.06174,794103.0,1703626199999,48883.14025,486,285837.0,17632.33114,0
1703626200000,0.06171,0.06181,0.06138,0.06164,439994.0,1703627099999,27083.78495,321,184662.0,11364.31497,0
1703627100000,0.06162,0.06188,0.06154,0.06183,282785.0,1703627999999,17457.59189,188,145310.0,8968.675,0
1703628000000,0.06179,0.06221,0.0616,0.06197,1331090.0,1703628899999,82276.10321,669,738070.0,45670.00491,0
1703628900000,0.06198,0.06221,0.06191,0.06217,790331.0,1703629799999,49035.47336,497,407725.0,25307.61577,0
1703629800000,0.06208,0.06248,0.06188,0.06212,564612.0,1703630699999,35069.36961,398,373378.0,23198.54997,0
1703630700000,0.06215,0.06248,0.06212,0.06229,182999.0,1703631599999,11404.4427,166,54851.0,3415.89361,0
1703631600000,0.06227,0.06245,0.06199,0.062,678949.0,1703632499999,42136.33277,248,371519.0,23049.87104,0
1703632500000,0.06203,0.06204,0.06174,0.06175,365451.0,1703633399999,22635.16661,236,96122.0,5956.99989,0
1703633400000,0.06183,0.06234,0.06183,0.06233,409224.0,1703634299999,25416.94514,265,343625.0,21343.09411,0
1703634300000,0.06233,0.06243,0.06197,0.06224,338395.0,1703635199999,21026.65241,204,76718.0,4766.51177,0
1703635200000,0.06224,0.06267,0.06208,0.0626,1488005.0,1703636099999,92862.62366,768,1079056.0,67333.3156,0
1703636100000,0.06259,0.06292,0.06234,0.06259,1338747.0,1703636999999,83794.4287,685,788487.0,49349.72789,0
1703637000000,0.06258,0.06258,0.06194,0.06197,735343.0,1703637899999,45741.03027,531,337287.0,20984.8206,0
1703637900000,0.06203,0.0624,0.06191,0.06201,342707.0,1703638799999,21297.46268,261,157643.0,9799.05617,0
1703638800000,0.06208,0.06219,0.06152,0.06165,1010171.0,1703639699999,62459.27056,487,362079.0,22405.43704,0
1703639700000,0.06162,0.06175,0.06131,0.06135,612892.0,1703640599999,37704.00177,429,380909.0,23433.03836,0
1703640600000,0.06137,0.0616,0.06125,0.06131,233801.0,1703641499999,14366.84458,189,149867.0,9210.93818,0
1703641500000,0.06137,0.06167,0.06136,0.06149,204858.0,1703642399999,12610.97951,139,89565.0,5514.36843,0
1703642400000,0.06144,0.06144,0.061,0.06105,714137.0,1703643299999,43713.14551,378,250336.0,15336.22267,0
1703643300000,0.06102,0.06156,0.0607,0.06088,920882.0,1703644199999,56362.66739,473,680519.0,41705.24502,0
1703644200000,0.06088,0.06111,0.06054,0.06054,317342.0,1703645099999,19318.64078,276,184812.0,11255.58057,0
1703645100000,0.06052,0.06086,0.0601,0.06021,439694.0,1703645999999,26554.58208,367,163946.0,9901.40752,0
1703646000000,0.06021,0.06132,0.0602,0.06114,663467.0,1703646899999,40322.49491,474,411150.0,24979.78189,0
1703646900000,0.06109,0.06116,0.06016,0.06016,292810.0,1703647799999,17721.03253,220,70559.0,4261.03808,0
1703647800000,0.06024,0.06057,0.05978,0.06033,561586.0,1703648699999,33735.55877,363,192857.0,11592.20118,0
1703648700000,0.06037,0.06045,0.05997,0.06004,340709.0,1703649599999,20514.06178,193,161891.0,9759.42822,0
1703649600000,0.06014,0.06135,0.0601,0.06117,1023415.0,1703650499999,62369.09517,456,703215.0,42915.61624,0
1703650500000,0.06119,0.06142,0.06114,0.06114,215051.0,1703651399999,13182.57496,157,80000.0,4904.14477,0
1703651400000,0.06113,0.06113,0.06064,0.06071,336720.0,1703652299999,20479.52686,194,58335.0,3549.96943,0
1703652300000,0.06064,0.06064,0.06037,0.06045,425002.0,1703653199999,25707.67635,182,201559.0,12190.28526,0
1703653200000,0.06044,0.06094,0.06021,0.06068,650129.0,1703654099999,39354.65542,328,163545.0,9916.95855,0
1703654100000,0.06066,0.06068,0.06019,0.06019,423901.0,1703654999999,25615.90709,201,117043.0,7075.28092,0
1703655000000,0.06018,0.06036,0.06002,0.06009,550650.0,1703655899999,33161.46408,226,330849.0,19932.35957,0
1703655900000,0.06012,0.06062,0.06012,0.06045,212470.0,1703656799999,12849.93672,122,112205.0,6791.59739,0
1703656800000,0.06044,0.0605,0.0602,0.06023,455719.0,1703657699999,27477.48038,204,135932.0,8191.1587,0
1703657700000,0.06026,0.06041,0.0602,0.06037,182579.0,1703658599999,11001.67614,108,62431.0,3764.92041,0
1703658600000,0.06038,0.06059,0.0603,0.06043,259655.0,1703659499999,15686.83686,154,82728.0,5002.885,0
1703659500000,0.06041,0.06043,0.06019,0.06022,403275.0,1703660399999,24297.67946,173,227484.0,13710.30142,0
1703660400000,0.06023,0.06028,0.05965,0.05978,864130.0,1703661299999,51878.93794,280,50909.0,3052.07914,0
1703661300000,0.05982,0.06001,0.0597,0.05982,352071.0,1703662199999,21078.99892,247,236072.0,14137.82267,0
1703662200000,0.0598,0.05996,0.05974,0.05978,558260.0,1703663099999,33408.85469,320,182150.0,10908.34477,0
1703663100000,0.05977,0.05977,0.05911,0.05914,1412537.0,1703663999999,84007.13365,540,41216.0,2444.27864,0
1703664000000,0.05917,0.05945,0.05903,0.05935,620664.0,1703664899999,36756.44687,342,279881.0,16588.40877,0
1703664900000,0.05935,0.05974,0.05915,0.05974,968837.0,1703665799999,57570.74781,355,585000.0,34805.77897,0
1703665800000,0.05975,0.06029,0.05975,0.06028,447895.0,1703666699999,26910.08774,255,288658.0,17348.03025,0
1703666700000,0.06028,0.0603,0.05993,0.05994,536278.0,1703667599999,32224.62098,232,74459.0,4479.94381,0
1703667600000,0.06005,0.06007,0.05972,0.05982,276180.0,1703668499999,16527.6666,134,156305.0,9350.73483,0
1703668500000,0.05982,0.05982,0.05954,0.05979,781132.0,1703669399999,46590.41896,302,437212.0,26075.31774,0
1703669400000,0.05978,0.05983,0.05955,0.05959,478903.0,1703670299999,28588.99405,462,213059.0,12733.62468,0
1703670300000,0.0596,0.0596,0.05929,0.05934,539871.0,1703671199999,32061.54891,242,246350.0,14620.87543,0
1703671200000,0.05936,0.05953,0.0592,0.05947,764332.0,1703672099999,45373.16168,403,447815.0,26592.57175,0
1703672100000,0.05947,0.06025,0.05945,0.06024,548842.0,1703672999999,32790.66144,291,420517.0,25130.74889,0
1703673000000,0.06022,0.06029,0.06002,0.06013,821133.0,1703673899999,49382.31607,322,207257.0,12468.38636,0
1703673900000,0.06019,0.06046,0.06007,0.06046,565981.0,1703674799999,34099.25647,224,436698.0,26315.25237,0
1703674800000,0.06046,0.06079,0.06026,0.06079,1031816.0,1703675699999,62423.14271,335,586221.0,35472.98697,0
1703675700000,0.06076,0.06076,0.06029,0.06043,569171.0,1703676599999,34419.90022,257,122009.0,7378.94587,0
1703676600000,0.06048,0.06093,0.06022,0.06053,1802880.0,1703677499999,109269.66741,622,732317.0,44388.57694,0
1703677500000,0.06053,0.0609,0.0604,0.06081,775705.0,1703678399999,47051.75515,381,490314.0,29764.35271,0
1703678400000,0.06081,0.06081,0.0604,0.06043,444380.0,1703679299999,26890.38362,253,49087.0,2972.62639,0
1703679300000,0.06043,0.06084,0.0604,0.06082,287784.0,1703680199999,17458.78152,220,224023.0,13594.59133,0
1703680200000,0.06084,0.06096,0.06025,0.0603,1016459.0,1703681099999,61641.84359,421,413662.0,25090.64102,0
1703681100000,0.0603,0.06059,0.06003,0.06044,455034.0,1703681999999,27403.1964,269,176104.0,10616.15169,0
1703682000000,0.06042,0.06076,0.06016,0.06076,722249.0,1703682899999,43727.97948,401,414668.0,25111.33797,0
1703682900000,0.06074,0.06122,0.06074,0.06119,1171859.0,1703683799999,71456.44312,457,502687.0,30648.07826,0
1703683800000,0.0612,0.06137,0.06041,0.06084,1266173.0,1703684699999,77087.50532,546,612329.0,37324.34784,0
1703684700000,0.06085,0.06085,0.06052,0.06073,305908.0,1703685599999,18552.84067,209,36827.0,2234.24715,0
1703685600000,0.06074,0.06086,0.06022,0.06048,610446.0,1703686499999,36853.11158,274,345960.0,20873.39382,0
1703686500000,0.0605,0.0607,0.05994,0.06006,747955.0,1703687399999,45113.37086,469,370123.0,22336.379,0
1703687400000,0.06015,0.06081,0.06012,0.06076,247759.0,1703688299999,14977.06764,185,157301.0,9516.85347,0
1703688300000,0.06076,0.06112,0.06064,0.06071,236800.0,1703689199999,14414.36916,191,71151.0,4333.45801,0
1703689200000,0.06074,0.06144,0.06057,0.06103,954524.0,1703690099999,58292.69302,545,585946.0,35830.50874,0
1703690100000,0.06106,0.0615,0.06055,0.06067,733861.0,1703690999999,44776.45886,424,298956.0,18274.83526,0
1703691000000,0.06072,0.06107,0.06051,0.06082,947388.0,1703691899999,57587.33093,504,409357.0,24904.40872,0
1703691900000,0.06077,0.06077,0.06044,0.06048,859980.0,1703692799999,52141.24378,341,380210.0,23053.80836,0
1703692800000,0.06051,0.06058,0.0596,0.05981,1293846.0,1703693699999,77623.51751,614,336386.0,20207.80609,0
1703693700000,0.05987,0.06001,0.0596,0.05976,1054077.0,1703694599999,63003.27577,611,355229.0,21245.36604,0
1703694600000,0.05974,0.06003,0.0592,0.0596,1200097.0,1703695499999,71672.95777,451,346905.0,20752.16284,0
1703695500000,0.05955,0.05959,0.05876,0.05877,2008796.0,1703696399999,118930.02922,875,477255.0,28242.93044,0
1703696400000,0.05877,0.05883,0.05848,0.05852,1270902.0,1703697299999,74476.22042,643,406390.0,23819.34836,0
1703697300000,0.05849,0.05859,0.05806,0.05813,1654833.0,1703698199999,96462.82631,639,611933.0,35691.32447,0
1703698200000,0.05813,0.05864,0.05813,0.05845,777648.0,1703699099999,45411.65806,444,538792.0,31474.52953,0
1703699100000,0.05844,0.0589,0.05837,0.05889,722523.0,1703699999999,42423.66969,287,389048.0,22828.0114,0
1703700000000,0.05886,0.05906,0.05833,0.05833,994388.0,1703700899999,58470.94271,352,379350.0,22294.18922,0
1703700900000,0.05835,0.05852,0.05822,0.05835,507895.0,1703701799999,29637.96572,187,203155.0,11861.25526,0
1703701800000,0.05833,0.05856,0.05833,0.05849,366002.0,1703702699999,21403.37003,205,279773.0,16361.10968,0
1703702700000,0.05849,0.05877,0.05846,0.0587,320915.0,1703703599999,18816.30097,181,274064.0,16069.71344,0
1703703600000,0.0587,0.05871,0.05822,0.05822,450486.0,1703704499999,26339.45484,228,169769.0,9926.32333,0
1703704500000,0.05821,0.05853,0.05818,0.0585,319191.0,1703705399999,18629.77314,134,211135.0,12322.99422,0
1703705400000,0.05849,0.05867,0.05846,0.05857,514624.0,1703706299999,30148.22582,197,439940.0,25777.7732,0
1703706300000,0.05858,0.0587,0.05844,0.05863,595840.0,1703707199999,34905.2783,293,446394.0,26155.68379,0
1703707200000,0.05864,0.05884,0.05861,0.05882,360957.0,1703708099999,21202.82739,235,291193.0,17106.1347,0
1703708100000,0.05881,0.05918,0.05881,0.05907,1581664.0,1703708999999,93302.07405,455,1154269.0,68092.63209,0
1703709000000,0.05908,0.05927,0.05863,0.05921,661169.0,1703709899999,39001.29369,341,330101.0,19488.37542,0
1703709900000,0.0592,0.05944,0.059,0.05931,1006060.0,1703710799999,59600.59757,377,709729.0,42059.90981,0
1703710800000,0.05931,0.05944,0.0592,0.05932,539064.0,1703711699999,31977.1818,217,380319.0,22568.50148,0
1703711700000,0.05932,0.05946,0.05928,0.05946,372066.0,1703712599999,22086.85917,198,212001.0,12585.99954,0
1703712600000,0.05945,0.05958,0.05934,0.05956,281814.0,1703713499999,16767.42701,165,138339.0,8232.54533,0
1703713500000,0.05955,0.05956,0.05921,0.0593,512563.0,1703714399999,30444.95535,257,343055.0,20380.96976,0
1703714400000,0.05932,0.05972,0.05926,0.05968,1204356.0,1703715299999,71744.9825,238,1140060.0,67919.41435,0
1703715300000,0.0597,0.05972,0.0591,0.05911,189642.0,1703716199999,11256.14572,114,22756.0,1353.9881,0
1703716200000,0.05911,0.05929,0.05891,0.05892,125718.0,1703717099999,7432.43648,112,23189.0,1370.81598,0
1703717100000,0.05891,0.05911,0.05863,0.05875,444381.0,1703717999999,26144.65772,370,147093.0,8661.94605,0
1703718000000,0.05875,0.05923,0.05874,0.0592,190187.0,1703718899999,11225.72178,164,124512.0,7347.68521,0
1703718900000,0.0592,0.05932,0.05904,0.0591,91130.0,1703719799999,5391.11809,118,25890.0,1532.19635,0
1703719800000,0.0591,0.05931,0.05906,0.05927,104397.0,1703720699999,6175.27385,89,53010.0,3136.25783,0
1703720700000,0.05919,0.05921,0.05902,0.05917,82199.0,1703721599999,4859.60125,128,26549.0,1569.38935,0
1703721600000,0.05917,0.05946,0.05912,0.05945,233953.0,1703722499999,13871.79599,160,187582.0,11121.19876,0
1703722500000,0.05946,0.05995,0.05942,0.05991,537494.0,1703723399999,32153.29131,434,415207.0,24843.09948,0
1703723400000,0.05993,0.06035,0.05976,0.06033,967913.0,1703724299999,58131.07663,681,317958.0,19098.73021,0
1703724300000,0.06034,0.06134,0.06033,0.06127,1639252.0,1703725199999,99953.248,766,1019500.0,62070.24837,0
1703725200000,0.06122,0.06158,0.06068,0.06143,1849755.0,1703726099999,113223.17346,770,429471.0,26332.99953,0
1703726100000,0.06143,0.06148,0.0608,0.06127,653979.0,1703726999999,39933.66309,505,332073.0,20265.40492,0
1703727000000,0.06124,0.06216,0.06112,0.06199,2403030.0,1703727899999,148331.86194,679,1921289.0,118669.2782,0
1703727900000,0.06199,0.06261,0.06178,0.06253,1092417.0,1703728799999,68054.37122,722,555451.0,34604.32989,0
1703728800000,0.0625,0.0627,0.06231,0.0627,490722.0,1703729699999,30668.68622,243,354759.0,22181.06172,0
1703729700000,0.06271,0.06432,0.06271,0.06408,5545279.0,1703730599999,353399.27791,2451,3999219.0,254738.81646,0
1703730600000,0.06407,0.065,0.0639,0.06437,2157232.0,1703731499999,138959.10743,1162,1098178.0,70785.03045,0
1703731500000,0.06436,0.06436,0.06312,0.06312,1136105.0,1703732399999,72331.2594,765,328168.0,20926.20409,0
1703732400000,0.06311,0.0635,0.06281,0.063,601937.0,1703733299999,37943.20626,370,168358.0,10608.61942,0
1703733300000,0.06312,0.0641,0.0631,0.0641,627880.0,1703734199999,40007.25951,413,476505.0,30382.29824,0
1703734200000,0.06414,0.06455,0.06365,0.06453,707599.0,1703735099999,45336.9555,471,256805.0,16475.30887,0
1703735100000,0.06453,0.06474,0.06407,0.06435,1004827.0,1703735999999,64708.89869,730,403729.0,26004.39654,0
1703736000000,0.06436,0.06436,0.06348,0.06389,1538678.0,1703736899999,98201.99795,536,402853.0,25712.58664,0
1703736900000,0.06383,0.06537,0.06382,0.06532,1512387.0,1703737799999,98062.82276,857,1082756.0,70166.70157,0
1703737800000,0.06533,0.06574,0.06449,0.06476,1908765.0,1703738699999,124517.22489,1108,840372.0,54931.37355,0
1703738700000,0.06476,0.0652,0.06435,0.06456,1689531.0,1703739599999,109383.15956,932,1077355.0,69806.54627,0
1703739600000,0.06457,0.06475,0.06405,0.06475,779634.0,1703740499999,50208.2001,577,328156.0,21146.78718,0
1703740500000,0.06473,0.06535,0.0646,0.0652,1717071.0,1703741399999,111595.93273,1149,849366.0,55239.91036,0
1703741400000,0.06519,0.06579,0.06503,0.06566,807782.0,1703742299999,52805.81164,562,417011.0,27265.81035,0
1703742300000,0.06565,0.06593,0.06536,0.06576,896269.0,1703743199999,58799.35315,678,317791.0,20870.36267,0
1703743200000,0.06577,0.06581,0.06499,0.06518,842697.0,1703744099999,55044.99854,656,462889.0,30245.38365,0
1703744100000,0.06518,0.06612,0.06506,0.06572,1577414.0,1703744999999,103679.89093,884,1000936.0,65806.8401,0
1703745000000,0.06574,0.06707,0.06537,0.06582,4964363.0,1703745899999,330155.77542,2949,2670191.0,177680.68521,0
1703745900000,0.06584,0.06644,0.06529,0.06558,2718293.0,1703746799999,179199.88676,2555,1151773.0,75953.95968,0
1703746800000,0.06554,0.06554,0.06394,0.06451,4920332.0,1703747699999,319026.13364,2746,2125540.0,137908.66667,0
1703747700000,0.06451,0.06513,0.06434,0.06469,1058271.0,1703748599999,68456.52556,1020,462705.0,29952.86109,0
1703748600000,0.06469,0.06482,0.064,0.06437,1397464.0,1703749499999,89973.62623,993,386725.0,24902.99619,0
1703749500000,0.06431,0.06522,0.06419,0.06507,1331744.0,1703750399999,86413.64241,664,855066.0,55493.12555,0
1703750400000,0.06507,0.06507,0.06428,0.06438,1208426.0,1703751299999,78102.87739,702,407803.0,26341.34418,0
1703751300000,0.06436,0.06512,0.06421,0.06486,956011.0,1703752199999,61702.92082,668,398423.0,25754.6714,0
1703752200000,0.06489,0.06536,0.06466,0.06484,383366.0,1703753099999,24919.59035,388,191678.0,12459.00124,0
1703753100000,0.06488,0.06508,0.06379,0.0639,783211.0,1703753999999,50384.94157,565,181214.0,11663.09941,0
1703754000000,0.06387,0.06449,0.06383,0.06407,1130744.0,1703754899999,72625.20521,992,527842.0,33884.68949,0
1703754900000,0.06413,0.0642,0.06352,0.06368,1257199.0,1703755799999,80382.00428,767,529757.0,33880.99939,0
1703755800000,0.06366,0.06381,0.06344,0.06347,706923.0,1703756699999,44995.08443,421,135326.0,8623.3974,0
1703756700000,0.06345,0.06349,0.06308,0.06308,1078396.0,1703757599999,68215.7572,774,388477.0,24581.63724,0
1703757600000,0.06311,0.06318,0.06291,0.06299,691916.0,1703758499999,43610.27942,475,392001.0,24706.08767,0
1703758500000,0.063,0.06312,0.0626,0.06277,1155906.0,1703759399999,72697.4417,729,449057.0,28241.39663,0
1703759400000,0.06279,0.06299,0.06263,0.06286,853628.0,1703760299999,53604.57439,429,599863.0,37672.35538,0
1703760300000,0.06286,0.06291,0.06243,0.06248,530819.0,1703761199999,33272.23344,375,211211.0,13240.20199,0
1703761200000,0.06247,0.06265,0.06228,0.06239,464505.0,1703762099999,29016.50807,366,275379.0,17206.68426,0
1703762100000,0.06232,0.06233,0.06212,0.06218,314516.0,1703762999999,19561.53579,275,159917.0,9944.72294,0
1703763000000,0.06217,0.06235,0.06214,0.06235,306324.0,1703763899999,19069.75502,171,212991.0,13257.96397,0
1703763900000,0.06235,0.06249,0.06222,0.06233,485669.0,1703764799999,30262.16586,269,218643.0,13623.68107,0
1703764800000,0.06229,0.06236,0.0619,0.06193,684320.0,1703765699999,42504.40888,280,143939.0,8946.45122,0
1703765700000,0.06191,0.06192,0.0612,0.06128,1103586.0,1703766599999,67871.582,680,640876.0,39403.31666,0
1703766600000,0.06133,0.06133,0.06076,0.06114,1523419.0,1703767499999,92932.54087,890,976642.0,59550.63862,0
1703767500000,0.06106,0.06125,0.06019,0.06042,1518614.0,1703768399999,92097.33275,1078,743274.0,45164.52081,0
1703768400000,0.0604,0.06115,0.0599,0.06084,1284410.0,1703769299999,77705.74905,641,827853.0,50128.64709,0
1703769300000,0.0609,0.0614,0.0609,0.06133,382023.0,1703770199999,23352.76896,208,167609.0,10250.1274,0
1703770200000,0.06127,0.06135,0.0605,0.0609,565381.0,1703771099999,34410.60567,347,125279.0,7625.19684,0
1703771100000,0.0609,0.06138,0.0609,0.06111,368642.0,1703771999999,22541.09368,269,154456.0,9445.96072,0
1703772000000,0.06117,0.06121,0.06024,0.06061,468535.0,1703772899999,28448.07134,580,263950.0,16017.98781,0
1703772900000,0.06058,0.06069,0.05944,0.06039,2255669.0,1703773799999,135717.12477,1473,1159404.0,69937.76798,0
1703773800000,0.06046,0.06067,0.05931,0.0595,1201171.0,1703774699999,72065.88101,751,506600.0,30419.48499,0
1703774700000,0.0595,0.05994,0.0594,0.05991,1335392.0,1703775599999,79639.12333,989,677518.0,40430.1746,0
1703775600000,0.0599,0.06032,0.05983,0.06015,677845.0,1703776499999,40725.36908,449,201840.0,12126.09451,0
1703776500000,0.06011,0.06014,0.05929,0.05934,467955.0,1703777399999,27905.41228,404,251886.0,15010.52501,0
1703777400000,0.05949,0.05981,0.05941,0.05952,336511.0,1703778299999,20049.80875,251,123687.0,7369.45154,0
1703778300000,0.0595,0.05959,0.0593,0.05937,255264.0,1703779199999,15169.44859,206,75597.0,4496.03979,0
1703779200000,0.05932,0.0595,0.05903,0.05945,749114.0,1703780099999,44406.99817,422,378644.0,22454.4354,0
1703780100000,0.0594,0.0594,0.0585,0.05863,1026853.0,1703780999999,60409.9199,489,179722.0,10590.44374,0
1703781000000,0.05859,0.05903,0.05857,0.05874,569871.0,1703781899999,33513.63632,427,199825.0,11757.4546,0
1703781900000,0.05877,0.05909,0.05871,0.05878,374611.0,1703782799999,22032.67092,286,148540.0,8748.43805,0
1703782800000,0.05878,0.05903,0.05871,0.05889,541490.0,1703783699999,31874.92311,303,266430.0,15684.75434,0
1703783700000,0.05893,0.06023,0.05892,0.06011,3033435.0,1703784599999,181228.79775,1305,2129020.0,127214.05679,0
1703784600000,0.0601,0.06287,0.06007,0.06188,9845169.0,1703785499999,607330.41581,4006,6284260.0,387593.23538,0
1703785500000,0.06187,0.06223,0.06044,0.06167,3678115.0,1703786399999,226531.39508,2181,1630362.0,100628.8606,0
1703786400000,0.06166,0.06178,0.06001,0.06049,2093704.0,1703787299999,127525.44409,1037,583219.0,35568.61146,0
1703787300000,0.0605,0.06102,0.06021,0.06053,830398.0,1703788199999,50340.70034,430,421003.0,25514.01306,0
1703788200000,0.06055,0.06091,0.06014,0.06027,631797.0,1703789099999,38176.65128,328,245762.0,14870.13887,0
1703789100000,0.06031,0.06051,0.06007,0.06027,749601.0,1703789999999,45205.48599,403,365434.0,22053.88124,0
1703790000000,0.06025,0.06049,0.06016,0.06042,284385.0,1703790899999,17153.07569,171,120072.0,7242.65872,0
1703790900000,0.06042,0.06116,0.06038,0.06111,770368.0,1703791799999,46722.78388,443,326846.0,19832.69065,0
1703791800000,0.06112,0.06176,0.06097,0.06171,1202049.0,1703792699999,73834.17793,599,640523.0,39361.43062,0
1703792700000,0.06167,0.06167,0.06122,0.06127,430286.0,1703793599999,26409.00439,283,98271.0,6036.14358,0
1703793600000,0.06117,0.06145,0.06077,0.06116,1351208.0,1703794499999,82654.13552,713,719472.0,44020.16305,0
1703794500000,0.0611,0.06161,0.06071,0.06122,1545227.0,1703795399999,94654.45794,592,1017222.0,62355.23046,0
1703795400000,0.06127,0.06187,0.0609,0.06183,784023.0,1703796299999,48118.61296,551,413749.0,25408.97188,0
1703796300000,0.06178,0.0621,0.06157,0.06187,648721.0,1703797199999,40152.02659,432,328463.0,20338.61727,0
1703797200000,0.06183,0.06298,0.0617,0.06296,2009037.0,1703798099999,125630.17604,968,1482585.0,92733.51215,0
1703798100000,0.06295,0.06377,0.06243,0.06305,4701782.0,1703798999999,297529.64304,2127,2563854.0,162366.52846,0
1703799000000,0.06302,0.06308,0.06164,0.06194,2799798.0,1703799899999,173758.94302,1010,1460454.0,90486.74468,0
1703799900000,0.06189,0.06199,0.06149,0.06171,747858.0,1703800799999,46126.15499,410,142163.0,8767.76915,0
1703800800000,0.06174,0.06184,0.06129,0.0616,831399.0,1703801699999,51165.5393,452,376208.0,23158.68706,0
1703801700000,0.06162,0.0621,0.06144,0.06192,250712.0,1703802599999,15520.62789,219,92766.0,5743.51789,0
1703802600000,0.06192,0.06229,0.06173,0.06173,439242.0,1703803499999,27238.73001,238,168127.0,10434.80871,0
1703803500000,0.06177,0.06195,0.06166,0.06185,229610.0,1703804399999,14183.85626,157,157014.0,9703.56897,0
1703804400000,0.0618,0.0618,0.06076,0.06088,1295190.0,1703805299999,79252.17643,499,285684.0,17472.08285,0
1703805300000,0.06087,0.0615,0.06087,0.0615,343714.0,1703806199999,21066.92105,258,133210.0,8172.65233,0
1703806200000,0.0615,0.0615,0.061,0.06105,638839.0,1703807099999,39037.21199,357,211258.0,12894.17423,0
1703807100000,0.06105,0.06108,0.06035,0.06045,1322629.0,1703807999999,80008.70404,396,849388.0,51314.97464,0
1703808000000,0.06043,0.0605,0.06006,0.06021,552561.0,1703808899999,33266.14078,285,276919.0,16679.49773,0
1703808900000,0.06026,0.06033,0.05956,0.0597,651734.0,1703809799999,39055.76581,410,243824.0,14626.47053,0
1703809800000,0.05973,0.05976,0.05932,0.05951,831689.0,1703810699999,49538.76299,682,451430.0,26911.7497,0
1703810700000,0.05949,0.0595,0.05844,0.05861,1309929.0,1703811599999,77152.48958,673,170348.0,10033.01682,0
1703811600000,0.05863,0.05888,0.0582,0.05868,782135.0,1703812499999,45823.57778,581,447824.0,26277.04468,0
1703812500000,0.05866,0.05893,0.05769,0.05807,3179223.0,1703813399999,184823.41787,968,1623793.0,93991.05118,0
1703813400000,0.05809,0.05815,0.05777,0.05813,809019.0,1703814299999,46939.52137,609,515248.0,29899.83722,0
1703814300000,0.05814,0.05815,0.05764,0.05815,497421.0,1703815199999,28792.27634,288,172704.0,9998.13626,0
1703815200000,0.05812,0.05847,0.05807,0.05825,390330.0,1703816099999,22724.28049,180,89272.0,5202.45771,0
1703816100000,0.05826,0.05872,0.05823,0.05868,314226.0,1703816999999,18404.9433,173,139080.0,8146.34869,0
1703817000000,0.05871,0.05925,0.05869,0.05925,339543.0,1703817899999,20064.22037,141,261399.0,15444.5653,0
1703817900000,0.05924,0.05958,0.05917,0.05949,452491.0,1703818799999,26886.50127,155,370498.0,22015.61731,0
1703818800000,0.05952,0.05957,0.0593,0.05942,105337.0,1703819699999,6257.64889,78,38277.0,2275.6051,0
1703819700000,0.0594,0.05943,0.05899,0.0591,228197.0,1703820599999,13505.68851,140,77984.0,4615.36546,0
1703820600000,0.05912,0.05937,0.05908,0.05908,413042.0,1703821499999,24453.20295,186,59352.0,3519.00432,0
1703821500000,0.05913,0.05914,0.05864,0.05879,480608.0,1703822399999,28283.62075,285,116469.0,6849.83877,0
1703822400000,0.05879,0.05958,0.05861,0.05949,1762922.0,1703823299999,104413.8727,656,744256.0,44068.46751,0
1703823300000,0.05948,0.05956,0.05932,0.05948,242889.0,1703824199999,14446.37296,162,121039.0,7202.27491,0
1703824200000,0.05953,0.05956,0.05933,0.05953,360507.0,1703825099999,21438.10515,159,175077.0,10410.39893,0
1703825100000,0.0596,0.05973,0.05954,0.0597,385147.0,1703825999999,22977.50368,205,249549.0,14890.89095,0
1703826000000,0.05968,0.05975,0.05947,0.05952,259915.0,1703826899999,15482.5998,265,110341.0,6573.60062,0
1703826900000,0.05952,0.06031,0.05952,0.06031,877330.0,1703827799999,52546.65268,479,473197.0,28346.61355,0
1703827800000,0.06031,0.06111,0.06031,0.06104,501289.0,1703828699999,30426.43176,336,308646.0,18736.84716,0
1703828700000,0.06107,0.0616,0.06107,0.06126,846032.0,1703829599999,51904.85162,470,533825.0,32748.93458,0
1703829600000,0.06122,0.06122,0.06061,0.06061,277192.0,1703830499999,16876.54576,196,48991.0,2980.97678,0
1703830500000,0.0606,0.06094,0.06054,0.0607,358719.0,1703831399999,21771.06548,276,136716.0,8307.32589,0
1703831400000,0.06064,0.06065,0.05987,0.06003,964652.0,1703832299999,58100.72331,427,151428.0,9119.50929,0
1703832300000,0.06002,0.0602,0.05974,0.06017,353646.0,1703833199999,21203.39386,245,158378.0,9503.00057,0
1703833200000,0.06018,0.06038,0.06012,0.06027,379676.0,1703834099999,22884.56538,216,243311.0,14666.76093,0
1703834100000,0.06029,0.06029,0.05977,0.06003,579023.0,1703834999999,34762.97832,234,291087.0,17479.97414,0
1703835000000,0.06001,0.06002,0.05944,0.05951,358375.0,1703835899999,21382.0718,275,106520.0,6362.77512,0
1703835900000,0.05954,0.05955,0.05881,0.05899,1039736.0,1703836799999,61443.4097,488,526909.0,31121.50995,0
1703836800000,0.05904,0.05964,0.05904,0.0596,417358.0,1703837699999,24831.94532,265,176498.0,10494.44711,0
1703837700000,0.0596,0.05977,0.05915,0.05915,697328.0,1703838599999,41449.18045,329,346015.0,20563.60876,0
1703838600000,0.05922,0.05935,0.05908,0.05909,249373.0,1703839499999,14760.45958,163,51402.0,3043.51927,0
1703839500000,0.05908,0.05958,0.05905,0.05938,660807.0,1703840399999,39226.45564,278,300399.0,17817.81252,0
1703840400000,0.05939,0.06004,0.05932,0.05999,710637.0,1703841299999,42441.21512,387,341899.0,20420.52222,0
1703841300000,0.06001,0.06022,0.05988,0.06007,483971.0,1703842199999,29068.30053,274,183547.0,11021.71551,0
1703842200000,0.06006,0.06017,0.05985,0.05994,780457.0,1703843099999,46825.46376,306,196833.0,11804.87209,0
1703843100000,0.05992,0.05994,0.05966,0.05983,212258.0,1703843999999,12691.26978,208,95665.0,5717.86509,0
1703844000000,0.05981,0.06008,0.05965,0.05997,253599.0,1703844899999,15201.77918,207,180581.0,10825.12043,0
1703844900000,0.05993,0.06027,0.05991,0.06002,421397.0,1703845799999,25345.44883,246,309994.0,18645.90948,0
1703845800000,0.06002,0.06017,0.0598,0.0599,769386.0,1703846699999,46116.53256,553,292274.0,17525.36512,0
1703846700000,0.05991,0.05997,0.05948,0.05948,555431.0,1703847599999,33166.50359,383,199137.0,11903.93872,0
1703847600000,0.05948,0.05958,0.05879,0.05892,4537522.0,1703848499999,267915.10537,1081,1729772.0,102026.25509,0
1703848500000,0.05892,0.05913,0.05863,0.05886,2469211.0,1703849399999,145240.40533,897,622023.0,36575.83937,0
1703849400000,0.05888,0.05895,0.0586,0.05888,759360.0,1703850299999,44615.33041,397,364238.0,21407.97332,0
1703850300000,0.05885,0.059,0.0587,0.05877,400755.0,1703851199999,23572.43879,222,141816.0,8343.68242,0
1703851200000,0.05878,0.05899,0.05862,0.05864,908577.0,1703852099999,53458.19822,375,384507.0,22626.41367,0
1703852100000,0.05864,0.0589,0.05857,0.05885,335999.0,1703852999999,19738.64562,315,233147.0,13697.57875,0
1703853000000,0.05886,0.05886,0.05852,0.05875,1600440.0,1703853899999,93924.54693,580,471535.0,27652.68367,0
1703853900000,0.05871,0.05895,0.05859,0.05874,1519509.0,1703854799999,89298.94884,508,859854.0,50555.82523,0
1703854800000,0.05869,0.05883,0.05859,0.05863,556719.0,1703855699999,32665.44016,286,146157.0,8572.86425,0
1703855700000,0.05861,0.05878,0.05842,0.05846,631288.0,1703856599999,36994.01787,268,171659.0,10069.45833,0
1703856600000,0.05851,0.05937,0.05849,0.05928,574901.0,1703857499999,33982.19877,348,324026.0,19130.63544,0
1703857500000,0.05928,0.05937,0.05907,0.05908,171126.0,1703858399999,10125.40859,91,14803.0,876.98256,0
1703858400000,0.05907,0.05918,0.05896,0.05913,418284.0,1703859299999,24715.35134,133,300391.0,17750.77038,0
1703859300000,0.05913,0.05913,0.05862,0.05872,871827.0,1703860199999,51363.05324,257,46124.0,2717.40683,0
1703860200000,0.05873,0.05953,0.05864,0.05943,405638.0,1703861099999,23997.30484,250,267435.0,15839.04443,0
1703861100000,0.05948,0.05951,0.05921,0.05945,356999.0,1703861999999,21188.4235,194,213946.0,12697.58676,0
1703862000000,0.05945,0.05963,0.05908,0.05908,575766.0,1703862899999,34197.83729,278,313556.0,18643.59789,0
1703862900000,0.05908,0.05908,0.05861,0.05885,476734.0,1703863799999,28047.44472,255,130218.0,7656.32692,0
1703863800000,0.05884,0.05903,0.05815,0.05841,703671.0,1703864699999,41164.42462,358,147406.0,8638.27756,0
1703864700000,0.05843,0.05843,0.05738,0.05811,1714730.0,1703865599999,99163.25687,898,674210.0,38988.10425,0
1703865600000,0.05811,0.0585,0.05778,0.05797,625425.0,1703866499999,36343.21001,406,319000.0,18539.06252,0
1703866500000,0.05794,0.05824,0.05735,0.05816,1075575.0,1703867399999,62283.94261,661,564458.0,32710.17769,0
1703867400000,0.0581,0.0583,0.05771,0.05772,247720.0,1703868299999,14350.38646,277,88111.0,5103.98206,0
1703868300000,0.0577,0.05773,0.05682,0.05686,754599.0,1703869199999,43144.68785,381,221444.0,12660.45531,0
1703869200000,0.05686,0.05724,0.05659,0.05708,762422.0,1703870099999,43400.98273,523,384044.0,21873.15854,0
1703870100000,0.05705,0.05753,0.05695,0.05712,529430.0,1703870999999,30331.9495,228,282679.0,16189.80616,0
1703871000000,0.0572,0.05733,0.05657,0.05657,490549.0,1703871899999,27949.94486,450,85991.0,4903.56917,0
1703871900000,0.05657,0.05707,0.05657,0.05695,689403.0,1703872799999,39187.70836,486,202225.0,11492.79309,0
1703872800000,0.05692,0.05726,0.05692,0.05724,123683.0,1703873699999,7063.21318,107,69466.0,3966.12544,0
1703873700000,0.05718,0.05753,0.05716,0.05722,838672.0,1703874599999,48123.07869,313,284046.0,16306.93921,0
1703874600000,0.05723,0.05752,0.05723,0.05747,156323.0,1703875499999,8962.03969,149,119071.0,6825.60552,0
1703875500000,0.05739,0.05767,0.0572,0.05752,682841.0,1703876399999,39186.72866,297,497490.0,28560.01825,0
1703876400000,0.05755,0.05763,0.05718,0.05729,455970.0,1703877299999,26218.07478,245,159879.0,9197.97073,0
1703877300000,0.05737,0.05776,0.0573,0.05761,182146.0,1703878199999,10489.07941,146,37025.0,2136.32318,0
1703878200000,0.05761,0.05782,0.05757,0.05782,166444.0,1703879099999,9608.97921,110,89706.0,5179.35843,0
1703879100000,0.05782,0.05792,0.0577,0.05779,92118.0,1703879999999,5326.02296,61,19416.0,1123.5253,0
1703880000000,0.05771,0.05771,0.05753,0.05753,289873.0,1703880899999,16702.31583,145,202372.0,11662.06704,0
1703880900000,0.05758,0.05763,0.05731,0.0574,231964.0,1703881799999,13322.46915,128,123433.0,7087.03006,0
1703881800000,0.05732,0.05749,0.05722,0.05725,222160.0,1703882699999,12743.14387,204,189936.0,10894.91787,0
1703882700000,0.05722,0.05748,0.05722,0.05742,290442.0,1703883599999,16664.37064,142,81761.0,4692.39014,0
1703883600000,0.05742,0.05778,0.05727,0.05778,237632.0,1703884499999,13659.67098,155,105693.0,6076.29893,0
1703884500000,0.05778,0.05785,0.05734,0.05749,337263.0,1703885399999,19421.3015,120,138187.0,7983.33826,0
1703885400000,0.05743,0.05768,0.05661,0.05744,1820022.0,1703886299999,104320.67267,451,1080702.0,61919.45715,0
1703886300000,0.05742,0.05749,0.0571,0.05723,284424.0,1703887199999,16281.50913,205,172552.0,9877.68201,0
1703887200000,0.05718,0.05722,0.05683,0.05691,321731.0,1703888099999,18316.41572,181,46003.0,2623.40256,0
1703888100000,0.05689,0.05694,0.05613,0.05683,1095951.0,1703888999999,61935.36811,474,527177.0,29786.48376,0
1703889000000,0.05677,0.05712,0.05651,0.05712,200673.0,1703889899999,11412.512,186,124676.0,7092.45206,0
1703889900000,0.05713,0.05723,0.05687,0.05708,131988.0,1703890799999,7531.24507,91,95734.0,5462.38839,0
1703890800000,0.05702,0.05726,0.05699,0.0571,91465.0,1703891699999,5220.412,82,16977.0,969.88675,0
1703891700000,0.05707,0.05723,0.05702,0.05708,354194.0,1703892599999,20229.16941,291,88274.0,5043.45015,0
1703892600000,0.0571,0.05731,0.05707,0.05727,457244.0,1703893499999,26179.59895,179,326915.0,18719.06725,0
1703893500000,0.05726,0.05737,0.05719,0.05734,91851.0,1703894399999,5260.16863,87,26611.0,1525.39577,0
1703894400000,0.05732,0.05771,0.05717,0.05771,1072469.0,1703895299999,61613.15062,368,753586.0,43268.77751,0
1703895300000,0.05772,0.0583,0.05769,0.05824,763181.0,1703896199999,44322.49838,410,521874.0,30298.66119,0
1703896200000,0.05815,0.05838,0.05795,0.05815,286249.0,1703897099999,16646.59993,221,168475.0,9804.12524,0
1703897100000,0.05821,0.0584,0.05821,0.05832,141591.0,1703897999999,8258.4509,74,29228.0,1703.81907,0
1703898000000,0.05826,0.05861,0.05815,0.05858,497230.0,1703898899999,29022.17935,317,399611.0,23318.15598,0
1703898900000,0.05858,0.05883,0.05849,0.05875,162418.0,1703899799999,9521.47571,174,74493.0,4368.73405,0
1703899800000,0.05869,0.05888,0.05851,0.05879,122067.0,1703900699999,7167.5931,139,53821.0,3161.04216,0
1703900700000,0.05875,0.05897,0.05875,0.05891,107598.0,1703901599999,6335.51368,128,71555.0,4213.84082,0
1703901600000,0.05882,0.05889,0.05849,0.0585,377119.0,1703902499999,22136.11066,281,55684.0,3269.53233,0
1703902500000,0.05852,0.05872,0.05852,0.05861,97242.0,1703903399999,5701.13666,71,77485.0,4542.53574,0
1703903400000,0.05862,0.05868,0.05803,0.05806,513886.0,1703904299999,29997.06391,451,222402.0,13011.55196,0
1703904300000,0.05808,0.05849,0.05805,0.05813,397106.0,1703905199999,23146.18281,376,285040.0,16611.9109,0
1703905200000,0.05813,0.05858,0.05806,0.05843,375095.0,1703906099999,21853.29065,273,163592.0,9555.75623,0
1703906100000,0.05845,0.05847,0.05779,0.05784,307800.0,1703906999999,17888.90193,240,136447.0,7946.87539,0
1703907000000,0.05786,0.05853,0.05785,0.0584,163980.0,1703907899999,9561.03073,264,80153.0,4669.93643,0
1703907900000,0.05843,0.0585,0.05824,0.05847,143263.0,1703908799999,8362.30184,196,87802.0,5125.03916,0
1703908800000,0.05846,0.05883,0.05806,0.0584,773252.0,1703909699999,45289.30888,517,366397.0,21471.78253,0
1703909700000,0.05837,0.05879,0.05837,0.0587,308649.0,1703910599999,18096.18724,332,203653.0,11938.03398,0
1703910600000,0.0587,0.05879,0.05842,0.05872,126314.0,1703911499999,7403.32889,161,57354.0,3362.8356,0
1703911500000,0.0587,0.05875,0.05846,0.05853,66681.0,1703912399999,3904.63377,96,18720.0,1096.49875,0
1703912400000,0.05842,0.05865,0.05831,0.05836,281766.0,1703913299999,16457.9849,237,56612.0,3313.17854,0
1703913300000,0.05832,0.05854,0.05825,0.05827,74599.0,1703914199999,4350.25915,99,19986.0,1165.64486,0
1703914200000,0.05828,0.05848,0.05821,0.05835,302662.0,1703915099999,17658.69571,205,125207.0,7307.00847,0
1703915100000,0.05835,0.05871,0.05835,0.05868,109198.0,1703915999999,6390.75692,121,76160.0,4454.8041,0
1703916000000,0.05871,0.05928,0.05863,0.05914,568397.0,1703916899999,33545.79246,410,424808.0,25064.32932,0
1703916900000,0.05913,0.05913,0.05869,0.0587,243067.0,1703917799999,14316.90743,180,51792.0,3046.93082,0
1703917800000,0.05871,0.0589,0.05866,0.05868,209444.0,1703918699999,12309.9102,198,88382.0,5195.84443,0
1703918700000,0.05872,0.05875,0.0584,0.05848,83566.0,1703919599999,4892.02411,74,15047.0,880.77679,0
1703919600000,0.05849,0.05858,0.05833,0.05843,237643.0,1703920499999,13881.50218,162,48218.0,2817.9059,0
1703920500000,0.0584,0.05854,0.05812,0.05821,136091.0,1703921399999,7927.94275,114,21429.0,1248.69101,0
1703921400000,0.05825,0.05825,0.05785,0.05789,291156.0,1703922299999,16878.32696,151,45774.0,2653.3777,0
1703922300000,0.05789,0.05792,0.05771,0.0578,107096.0,1703923199999,6194.29479,76,70996.0,4106.86172,0
1703923200000,0.05776,0.05785,0.05752,0.05766,276837.0,1703924099999,15961.05843,194,93650.0,5404.7761,0
1703924100000,0.05758,0.05758,0.05706,0.05715,672178.0,1703924999999,38556.94482,429,129884.0,7447.64915,0
1703925000000,0.05714,0.05733,0.05705,0.05705,616286.0,1703925899999,35293.91917,275,141584.0,8107.06985,0
1703925900000,0.0571,0.0572,0.05641,0.05648,1658051.0,1703926799999,94073.50775,887,1058586.0,60065.45995,0
1703926800000,0.05648,0.05709,0.05648,0.0568,638332.0,1703927699999,36283.69243,426,451138.0,25649.95,0
1703927700000,0.0568,0.05703,0.0567,0.0567,231370.0,1703928599999,13162.35413,206,70622.0,4017.00442,0
1703928600000,0.05674,0.05684,0.05622,0.05626,436851.0,1703929499999,24743.90145,287,126308.0,7159.79022,0
1703929500000,0.05633,0.05666,0.05632,0.05664,128013.0,1703930399999,7232.93343,146,86764.0,4902.22658,0
1703930400000,0.05657,0.05697,0.05656,0.05686,250846.0,1703931299999,14249.25904,133,152745.0,8681.07896,0
1703931300000,0.05687,0.05692,0.05666,0.05673,135292.0,1703932199999,7681.74921,104,73884.0,4197.45286,0
1703932200000,0.05684,0.05687,0.05665,0.05683,116463.0,1703933099999,6613.31828,52,23457.0,1331.92541,0
1703933100000,0.05682,0.05692,0.05678,0.05684,211662.0,1703933999999,12033.31824,133,133075.0,7568.23293,0
1703934000000,0.05683,0.05701,0.05678,0.05701,281068.0,1703934899999,15986.50576,183,129467.0,7368.1544,0
1703934900000,0.05697,0.05697,0.05677,0.0568,323195.0,1703935799999,18368.8734,193,135773.0,7719.36956,0
1703935800000,0.05681,0.05681,0.0565,0.05666,432978.0,1703936699999,24532.36218,159,127618.0,7226.5597,0
1703936700000,0.05667,0.05675,0.05649,0.05658,159112.0,1703937599999,9008.404,116,61371.0,3476.64751,0
1703937600000,0.05661,0.05687,0.0566,0.05687,201976.0,1703938499999,11453.60966,119,105534.0,5986.16613,0
1703938500000,0.05687,0.05696,0.05677,0.05687,139701.0,1703939399999,7948.47047,117,47022.0,2675.54219,0
1703939400000,0.0569,0.05693,0.0566,0.0566,523141.0,1703940299999,29726.64958,169,41625.0,2364.73463,0
1703940300000,0.05661,0.05666,0.05649,0.05649,271406.0,1703941199999,15356.59592,162,82358.0,4661.93686,0
1703941200000,0.05652,0.05662,0.05592,0.05601,2114485.0,1703942099999,119098.62966,769,601982.0,33958.89867,0
1703942100000,0.05602,0.05617,0.05581,0.0561,912228.0,1703942999999,51090.93029,424,499689.0,28004.5152,0
1703943000000,0.05607,0.05616,0.05588,0.05614,168259.0,1703943899999,9427.40205,106,44177.0,2478.04202,0
1703943900000,0.05613,0.05613,0.05583,0.05597,283275.0,1703944799999,15856.82779,141,163741.0,9167.0339,0
1703944800000,0.05597,0.0566,0.0559,0.05655,726005.0,1703945699999,40815.50259,398,438917.0,24686.50762,0
1703945700000,0.05654,0.05654,0.05619,0.05629,120129.0,1703946599999,6766.82752,110,36861.0,2075.53495,0
1703946600000,0.05625,0.05631,0.05605,0.05614,106170.0,1703947499999,5965.65993,104,22070.0,1239.82437,0
1703947500000,0.05616,0.05648,0.05616,0.05643,214018.0,1703948399999,12057.67634,148,132607.0,7473.04987,0
1703948400000,0.05642,0.05676,0.05624,0.05665,188870.0,1703949299999,10677.84165,136,133980.0,7578.11883,0
1703949300000,0.05665,0.05665,0.05639,0.05645,219880.0,1703950199999,12421.56534,146,123414.0,6970.278,0
1703950200000,0.05647,0.05655,0.05636,0.05646,66582.0,1703951099999,3758.6526,63,44543.0,2514.54437,0
1703951100000,0.05654,0.05725,0.05654,0.05719,746188.0,1703951999999,42597.75192,369,458948.0,26201.53987,0
1703952000000,0.05719,0.05744,0.05706,0.05744,324919.0,1703952899999,18622.37666,258,89686.0,5141.84666,0
1703952900000,0.05744,0.05769,0.05726,0.05753,539302.0,1703953799999,31012.24649,324,377161.0,21699.0627,0
1703953800000,0.05753,0.05766,0.05714,0.05714,367215.0,1703954699999,21121.90191,188,128107.0,7376.56112,0
1703954700000,0.05719,0.05736,0.05703,0.05706,400687.0,1703955599999,22920.80334,246,64561.0,3695.24015,0
1703955600000,0.05712,0.05722,0.05681,0.05681,359753.0,1703956499999,20512.38297,136,174092.0,9926.93127,0
1703956500000,0.05686,0.05732,0.05684,0.05719,123479.0,1703957399999,7054.98252,113,70928.0,4049.63522,0
1703957400000,0.0572,0.05732,0.05711,0.05724,169441.0,1703958299999,9697.54579,138,102307.0,5858.65812,0
1703958300000,0.05717,0.05728,0.05716,0.05727,118012.0,1703959199999,6753.02138,98,85042.0,4867.60243,0
1703959200000,0.05721,0.05725,0.05704,0.05711,88960.0,1703960099999,5080.67894,64,20804.0,1188.17777,0
1703960100000,0.05713,0.05713,0.05693,0.05711,163337.0,1703960999999,9311.20879,112,22331.0,1273.34973,0
1703961000000,0.05703,0.05713,0.05678,0.0568,23557.0,1703961899999,1340.49919,39,8395.0,478.04707,0
1703961900000,0.05679,0.057,0.0567,0.057,98515.0,1703962799999,5593.84491,90,58648.0,3330.0483,0
1703962800000,0.05697,0.05698,0.05645,0.0567,1462462.0,1703963699999,82728.63514,390,1016455.0,57500.93052,0
1703963700000,0.05668,0.05685,0.05667,0.05679,234852.0,1703964599999,13325.97633,109,70527.0,4006.51859,0
1703964600000,0.05681,0.05699,0.05679,0.05686,397276.0,1703965499999,22609.52981,123,334108.0,19017.96892,0
1703965500000,0.05685,0.05694,0.05658,0.05671,290304.0,1703966399999,16442.31302,115,19895.0,1127.68061,0
1703966400000,0.05667,0.05676,0.05662,0.05674,65194.0,1703967299999,3694.78271,72,35652.0,2021.06436,0
1703967300000,0.05674,0.05681,0.05663,0.05681,64564.0,1703968199999,3661.60995,53,22280.0,1263.8583,0
1703968200000,0.05683,0.05685,0.05646,0.0565,101778.0,1703969099999,5764.14229,81,35203.0,1993.53553,0
1703969100000,0.05647,0.0567,0.05641,0.05663,125773.0,1703969999999,7117.69573,61,43816.0,2479.11157,0
1703970000000,0.05667,0.05682,0.05667,0.05682,80661.0,1703970899999,4579.01281,39,44310.0,2514.49167,0
1703970900000,0.0568,0.05681,0.05658,0.05674,133094.0,1703971799999,7552.43767,77,23004.0,1304.6204,0
1703971800000,0.0568,0.05684,0.05648,0.05662,43695.0,1703972699999,2474.02203,40,9784.0,553.86518,0
1703972700000,0.05653,0.0567,0.0564,0.05666,303925.0,1703973599999,17193.88394,185,50998.0,2884.44746,0
1703973600000,0.05664,0.0568,0.05661,0.0568,115273.0,1703974499999,6538.67659,74,71783.0,4072.23779,0
1703974500000,0.05679,0.05682,0.05642,0.05657,69338.0,1703975399999,3925.44399,58,40883.0,2316.3001,0
1703975400000,0.05658,0.05666,0.05636,0.05641,154220.0,1703976299999,8700.37893,99,38513.0,2173.67453,0
1703976300000,0.05633,0.05633,0.05596,0.05611,200442.0,1703977199999,11257.29143,139,93627.0,5263.82075,0
1703977200000,0.05617,0.05657,0.0561,0.05647,84138.0,1703978099999,4743.57207,80,56064.0,3162.80012,0
1703978100000,0.05645,0.05666,0.05637,0.05666,83374.0,1703978999999,4717.73511,42,59070.0,3342.83143,0
1703979000000,0.05659,0.05683,0.05657,0.05658,105886.0,1703979899999,6005.46821,64,56380.0,3199.10045,0
1703979900000,0.05651,0.05655,0.05625,0.05625,110174.0,1703980799999,6209.73034,55,14395.0,812.31655,0
1703980800000,0.05633,0.05669,0.05614,0.05654,252347.0,1703981699999,14248.67728,148,145772.0,8231.89986,0
1703981700000,0.05652,0.05687,0.05647,0.05663,205910.0,1703982599999,11677.07922,146,129954.0,7368.01601,0
1703982600000,0.0566,0.05717,0.0565,0.05714,220366.0,1703983499999,12536.1548,156,143293.0,8154.409,0
1703983500000,0.05713,0.05724,0.05699,0.05699,110203.0,1703984399999,6294.70745,112,39695.0,2269.35407,0
1703984400000,0.05703,0.05718,0.05684,0.05698,84005.0,1703985299999,4786.16542,72,33337.0,1901.49469,0
1703985300000,0.05692,0.05692,0.0566,0.05663,136223.0,1703986199999,7732.31533,90,70937.0,4027.59311,0
1703986200000,0.05665,0.05689,0.0564,0.05645,420729.0,1703987099999,23841.00323,208,196607.0,11169.78778,0
1703987100000,0.05645,0.05656,0.05631,0.05634,43523.0,1703987999999,2454.66198,36,14196.0,801.10315,0
1703988000000,0.05637,0.05654,0.05629,0.05652,32012.0,1703988899999,1804.16625,41,25407.0,1431.82637,0
1703988900000,0.05655,0.05655,0.05634,0.05636,142738.0,1703989799999,8054.91875,113,31537.0,1780.84478,0
1703989800000,0.05636,0.0564,0.05576,0.05594,1009330.0,1703990699999,56508.74686,380,279519.0,15646.50115,0
1703990700000,0.05595,0.05595,0.05554,0.05577,498370.0,1703991599999,27748.04836,351,141499.0,7877.96951,0
1703991600000,0.05582,0.05627,0.05577,0.056,338860.0,1703992499999,19005.34872,156,246019.0,13793.45486,0
1703992500000,0.05599,0.05606,0.05584,0.05585,161116.0,1703993399999,9018.44782,67,29422.0,1647.39231,0
1703993400000,0.05595,0.05599,0.05584,0.05599,9642.0,1703994299999,539.05805,22,7332.0,409.88125,0
1703994300000,0.05606,0.05628,0.05601,0.05628,28619.0,1703995199999,1607.66959,43,22255.0,1250.9009,0
1703995200000,0.05628,0.05663,0.05615,0.05657,231305.0,1703996099999,13068.43009,145,129428.0,7305.31335,0
1703996100000,0.05657,0.0569,0.05657,0.05686,261056.0,1703996999999,14807.20402,158,115832.0,6569.55078,0
1703997000000,0.05685,0.0569,0.05681,0.05685,71382.0,1703997899999,4058.56207,79,18926.0,1076.12127,0
1703997900000,0.05687,0.05697,0.05674,0.05683,216765.0,1703998799999,12325.32161,195,103293.0,5876.22719,0
1703998800000,0.05678,0.05731,0.05678,0.05721,451265.0,1703999699999,25783.82046,235,326390.0,18639.4492,0
1703999700000,0.05724,0.0574,0.05715,0.0572,363652.0,1704000599999,20838.32107,211,212495.0,12176.27054,0
1704000600000,0.05722,0.05728,0.05719,0.05723,169791.0,1704001499999,9716.19669,107,103166.0,5903.66892,0
1704001500000,0.05725,0.0574,0.05721,0.05726,122191.0,1704002399999,6999.03177,105,63462.0,3633.50436,0
1704002400000,0.05728,0.05732,0.05685,0.05716,523898.0,1704003299999,29949.33002,158,98082.0,5599.75868,0
1704003300000,0.05718,0.05718,0.05702,0.05704,56961.0,1704004199999,3251.9316,74,20814.0,1188.57364,0
1704004200000,0.05699,0.05708,0.0569,0.05706,34689.0,1704005099999,1976.07589,40,12963.0,738.50739,0
1704005100000,0.05712,0.05715,0.05674,0.05676,36473.0,1704005999999,2075.15161,51,11331.0,644.90339,0
1704006000000,0.05682,0.05698,0.05682,0.05695,48476.0,1704006899999,2758.94398,42,16851.0,959.61091,0
1704006900000,0.057,0.05745,0.057,0.05745,99951.0,1704007799999,5722.54678,88,82860.0,4747.12301,0
1704007800000,0.05745,0.05768,0.05731,0.05738,77960.0,1704008699999,4488.49631,100,60456.0,3482.45759,0
1704008700000,0.05735,0.05738,0.05714,0.05738,65165.0,1704009599999,3729.57195,74,18782.0,1076.07685,0
1704009600000,0.05734,0.05794,0.05732,0.05768,558303.0,1704010499999,32156.55623,270,486271.0,27993.52709,0
1704010500000,0.05768,0.05772,0.05731,0.05731,163828.0,1704011399999,9421.13727,112,35888.0,2062.41033,0
1704011400000,0.05731,0.05731,0.05714,0.05717,208225.0,1704012299999,11914.97503,129,71001.0,4061.00504,0
1704012300000,0.0572,0.0572,0.05703,0.0571,159818.0,1704013199999,9127.60375,80,15478.0,883.87104,0
1704013200000,0.05707,0.05715,0.05691,0.05712,187685.0,1704014099999,10698.41165,147,48896.0,2788.88549,0
1704014100000,0.05711,0.05718,0.05695,0.05717,204232.0,1704014999999,11656.87932,185,124888.0,7130.43621,0
1704015000000,0.05716,0.05742,0.05716,0.05736,122724.0,1704015899999,7032.41056,118,51373.0,2944.94831,0
1704015900000,0.05735,0.05735,0.05705,0.05732,172301.0,1704016799999,9857.02669,176,45711.0,2616.90413,0
1704016800000,0.05727,0.05735,0.05719,0.05725,140391.0,1704017699999,8039.60022,144,55568.0,3184.23149,0
1704017700000,0.05728,0.05733,0.057,0.05703,157081.0,1704018599999,8968.59762,104,101974.0,5821.71639,0
1704018600000,0.05705,0.05755,0.05703,0.05753,229580.0,1704019499999,13134.16654,168,206683.0,11823.00794,0
1704019500000,0.05752,0.05765,0.05724,0.05733,81149.0,1704020399999,4665.32168,86,52285.0,3009.33645,0
1704020400000,0.05728,0.05732,0.05689,0.05701,279931.0,1704021299999,15980.80449,149,32321.0,1847.92578,0
1704021300000,0.05704,0.05708,0.05681,0.05691,298624.0,1704022199999,16992.45404,198,87856.0,5002.69424,0
1704022200000,0.05689,0.05701,0.05685,0.05691,41712.0,1704023099999,2374.63527,57,34952.0,1989.89334,0
1704023100000,0.05688,0.05692,0.05681,0.05684,33485.0,1704023999999,1904.30331,46,25241.0,1435.60715,0
1704024000000,0.05683,0.05692,0.05672,0.05685,183876.0,1704024899999,10443.66966,95,49834.0,2831.12228,0
1704024900000,0.05687,0.0571,0.05687,0.05706,67132.0,1704025799999,3828.97986,70,48485.0,2765.1515,0
1704025800000,0.05707,0.0572,0.057,0.05706,122340.0,1704026699999,6983.56897,119,69590.0,3973.48755,0
1704026700000,0.05707,0.05707,0.05613,0.05654,718677.0,1704027599999,40634.39791,450,187457.0,10606.21097,0
1704027600000,0.05654,0.05687,0.05629,0.05684,250742.0,1704028499999,14206.29057,258,175013.0,9927.32369,0
1704028500000,0.05684,0.05692,0.05677,0.05687,63772.0,1704029399999,3625.46419,82,34337.0,1952.5448,0
1704029400000,0.05686,0.05707,0.05677,0.05704,185553.0,1704030299999,10557.62597,146,95226.0,5423.82235,0
1704030300000,0.05704,0.05724,0.05696,0.05699,179411.0,1704031199999,10232.19644,114,56714.0,3237.23319,0
1704031200000,0.05696,0.05714,0.05692,0.05714,370647.0,1704032099999,21133.16492,137,272463.0,15533.72129,0
1704032100000,0.05715,0.05719,0.05698,0.05698,92576.0,1704032999999,5288.50206,73,23362.0,1333.28109,0
1704033000000,0.05705,0.05717,0.05703,0.0571,64422.0,1704033899999,3679.16645,65,31233.0,1783.90196,0
1704033900000,0.05713,0.0574,0.0571,0.05718,322867.0,1704034799999,18488.48198,243,235780.0,13499.26608,0
1704034800000,0.05716,0.05719,0.05695,0.05708,87189.0,1704035699999,4972.85421,96,23438.0,1336.63309,0
1704035700000,0.05707,0.05712,0.05699,0.057,77196.0,1704036599999,4405.78432,53,47977.0,2739.24293,0
1704036600000,0.05694,0.05699,0.05685,0.05695,140463.0,1704037499999,7998.01902,111,64837.0,3692.15802,0
1704037500000,0.057,0.05707,0.0568,0.05684,101713.0,1704038399999,5788.99564,87,53886.0,3069.68053,0
1704038400000,0.05688,0.05748,0.0567,0.05747,1479916.0,1704039299999,84444.85579,567,1076808.0,61458.09942,0
1704039300000,0.0575,0.05755,0.05728,0.05735,189434.0,1704040199999,10882.1181,197,109602.0,6295.47677,0
1704040200000,0.05734,0.05767,0.05734,0.05753,117988.0,1704041099999,6783.99047,122,31395.0,1805.70879,0
1704041100000,0.05757,0.05783,0.05755,0.05765,299188.0,1704041999999,17272.8943,242,235115.0,13575.12033,0
1704042000000,0.05765,0.05859,0.05757,0.05841,1255776.0,1704042899999,73075.02726,532,941905.0,54841.90566,0
1704042900000,0.05841,0.05862,0.05782,0.05793,1083495.0,1704043799999,63157.96242,753,417057.0,24288.39416,0
1704043800000,0.05792,0.05815,0.05788,0.05806,381854.0,1704044699999,22156.46061,365,194316.0,11277.39997,0
1704044700000,0.05806,0.05839,0.05806,0.0583,554978.0,1704045599999,32274.69302,288,393601.0,22867.10243,0
1704045600000,0.05831,0.05864,0.05799,0.0586,770561.0,1704046499999,44932.05098,459,363396.0,21191.88365,0
1704046500000,0.05862,0.0593,0.0586,0.05912,1676105.0,1704047399999,98924.69815,1034,1003445.0,59234.38004,0
1704047400000,0.05913,0.05955,0.05894,0.05948,1014346.0,1704048299999,60146.26134,833,465394.0,27613.03126,0
1704048300000,0.0595,0.0595,0.05899,0.05942,516960.0,1704049199999,30606.89635,468,182204.0,10785.64598,0
1704049200000,0.05945,0.05945,0.05896,0.05919,714708.0,1704050099999,42303.56668,508,179463.0,10630.39067,0
1704050100000,0.05917,0.0597,0.05908,0.05956,1493231.0,1704050999999,88801.94362,494,858760.0,51113.91439,0
1704051000000,0.05958,0.05975,0.05929,0.05962,689851.0,1704051899999,41069.02011,530,244553.0,14568.73972,0
1704051900000,0.05962,0.05969,0.05901,0.05913,1072370.0,1704052799999,63549.0332,503,206971.0,12256.77315,0
1704052800000,0.0591,0.05911,0.05863,0.05863,811266.0,1704053699999,47804.97228,627,263215.0,15532.30667,0
1704053700000,0.05867,0.05879,0.0585,0.05869,636129.0,1704054599999,37294.84624,283,246947.0,14487.56358,0
1704054600000,0.05869,0.05892,0.0585,0.05858,643628.0,1704055499999,37810.14239,356,319772.0,18793.31056,0
1704055500000,0.05862,0.05901,0.05795,0.0582,1637850.0,1704056399999,95665.87429,986,698023.0,40863.90909,0
1704056400000,0.05819,0.05895,0.05817,0.05886,590583.0,1704057299999,34651.6647,492,316826.0,18577.74437,0
1704057300000,0.05886,0.05931,0.05836,0.0591,1808960.0,1704058199999,106613.30112,746,913517.0,53891.80929,0
1704058200000,0.05913,0.05932,0.05902,0.05932,225124.0,1704059099999,13313.07595,150,124347.0,7353.23204,0
1704059100000,0.05933,0.05936,0.05889,0.05891,401648.0,1704059999999,23771.42507,210,103910.0,6163.54702,0
1704060000000,0.0589,0.05911,0.05872,0.05879,596662.0,1704060899999,35155.19162,506,310682.0,18297.99466,0
1704060900000,0.05879,0.05879,0.05839,0.05855,489173.0,1704061799999,28636.18986,378,133504.0,7815.46855,0
1704061800000,0.05847,0.05862,0.05776,0.05793,410049.0,1704062699999,23827.70874,327,67558.0,3934.56965,0
1704062700000,0.05793,0.05793,0.05621,0.05721,1310533.0,1704063599999,74795.58962,843,587145.0,33574.35846,0
1704063600000,0.05713,0.05815,0.05712,0.05804,426851.0,1704064499999,24644.71744,296,134996.0,7793.25584,0
1704064500000,0.05806,0.05809,0.05744,0.05768,279099.0,1704065399999,16097.22239,239,86731.0,5003.94198,0
1704065400000,0.05764,0.05818,0.05764,0.05809,212922.0,1704066299999,12346.67108,145,81881.0,4744.61159,0
1704066300000,0.05807,0.0583,0.05805,0.05827,120665.0,1704067199999,7024.65712,109,59425.0,3460.68751,0
